1,0.4526634040463473
2,0.3552665849184168
3,0.24948703803093497
4,0.24156936415082195
5,0.20726985323075134
6,0.19435051892851962
7,0.1793741150277442
8,0.16479724883262453
9,0.18951950090940883
10,0.17155266865745358
11,0.17595558727723884
12,0.15802936137464768
13,0.15465097108648884
14,0.15183493483568974
15,0.1449606637345534
16,0.13543135111873178
17,0.14077696579569143
18,0.13657012879420286
19,0.13307827324303173
20,0.1302793586690878
21,0.13703946807061346
22,0.12732448129133248
23,0.119732274684584
24,0.11632000927196037
25,0.12423789756679443
26,0.12228431315714372
27,0.11651859829965908
28,0.12264125380251142
29,0.11282425147563334
30,0.11528929405028564
31,0.11214962308348596
32,0.11283311321332308
33,0.10970524739174323
34,0.10829583879460321
35,0.1071275801173058
36,0.1043828773915311
37,0.10449589519864982
38,0.10040085942223953
39,0.09795627810803181
40,0.10172081896428632
41,0.10143911059931549
42,0.09752723232796594
43,0.09925457643580506
44,0.10019714837372874
45,0.10099664931738628
