1,0.6357143265860421
2,0.6622449478932789
3,0.6857143257345472
4,0.692857197352818
5,0.7000000455549785
6,0.7153061883790153
7,0.7255102608885083
8,0.7214286157063076
9,0.7438776173761913
10,0.7581633116517749
11,0.7581633159092495
12,0.7653061704976218
13,0.7683674011911664
14,0.7704082131385803
15,0.7704082131385803
16,0.7571429056780679
17,0.7846939138003758
18,0.7846939223153251
19,0.7724490165710449
20,0.7877551359789712
21,0.7857143368039813
22,0.7836735035691943
23,0.7387755534478596
24,0.7918367726462228
25,0.7979592212608883
26,0.785714328289032
27,0.7959184050559998
28,0.8000000459807259
29,0.7959184220858982
30,0.801020439182009
31,0.7908163837024144
32,0.8030612809317452
33,0.804081665618079
34,0.8020408579281398
35,0.8030612766742706
36,0.8010204562119075
37,0.802040866443089
38,0.8010204647268567
39,0.8051020971366337
40,0.792857187134879
41,0.803061272416796
42,0.8020408621856144
43,0.8081633108002799
44,0.7979592382907867
45,0.8040816741330283
