1,1.2816241906086603
2,1.1278522391120593
3,0.3983367226521174
4,0.2291737702054282
5,0.20271780878305434
6,0.18547334283590317
7,0.17303786670168242
8,0.16072472376128039
9,0.1439010185096413
10,0.12834606830651563
11,0.11474651849518219
12,0.10628294125509759
13,0.09487801276147366
14,0.08593368701326351
15,0.08000307046497862
16,0.07357241159460197
17,0.0697640455669413
18,0.06283999316549549
19,0.058677832311950624
20,0.0562408610037528
21,0.05092535926649968
22,0.048190015914539495
23,0.044722694485293084
