1,38.08265224456787
2,33.69328495025635
3,28.889504795074462
4,24.085724849700927
5,19.281944942474365
6,14.47816487312317
1,69.79035057067871
2,65.15113426208497
3,59.78271053314209
4,54.41428642272949
5,49.04676292419433
6,43.67981559753418
1,4.456766405105591
2,3.2092174381017684
3,2.054704394944711
4,1.8493052948405966
5,1.8409889588039368
6,1.8327098259556807
1,0.05330302662292524
2,0.002769648286048323
3,0.0027676414235611444
4,0.002765634568349924
5,0.002763627727981657
6,0.002761620903911535
7,0.004903611753979931
8,0.004912186652290984
9,0.0049103725492022935
10,0.004908558613169589
11,0.004906744984546094
12,0.0049049315447336995
13,0.007048184706363827
14,0.007056943802745082
15,0.007055300115171121
16,0.007053656742355088
17,0.007052012956410181
18,0.007050369659846183
19,0.009194688950519775
20,0.009203597794403322
21,0.009202092234190787
22,0.00920058664836688
23,0.009199081424594625
24,0.009197575832949952
25,0.01134275321950554
26,0.011351783167483517
27,0.01135038826512755
28,0.01134899344513542
29,0.01134759884866071
30,0.011346204251312884
31,0.0134920407635218
32,0.013501161419117124
33,0.013499848592909985
34,0.013498536125553073
35,0.013497224192979046
36,0.013495912280632183
37,0.015642204289906658
38,0.01565137873229105
39,0.01565011288097594
40,0.015648846379772294
41,0.015647580501972697
42,0.01564631470129825
43,0.017792847974051257
44,0.017802058662637135
45,0.017800822959979996
46,0.017799587629851885
47,0.017798352042736953
48,0.017797116724250373
49,0.01994370184111176
50,0.019952903227531352
51,0.01995165518630529
52,0.019950407108117362
53,0.019949159082898404
54,0.019947911186900456
55,0.02209433073847322
56,0.02210349989152746
57,0.02210221735673258
58,0.022100935061462223
59,0.02209965269372333
60,0.02209837056696415
61,0.024244422421616035
62,0.02425352972408291
63,0.024252183858770877
64,0.024250838805746754
65,0.02424949331005337
66,0.024248148003534878
67,0.02639364170434419
68,0.026402655921410768
69,0.026401217881939373
70,0.0263997805013787
71,0.02639834313216852
72,0.026396905559813603
73,0.028541621127660618
74,0.028550500089186245
75,0.0285489306729869
76,0.028547360792872498
77,0.02854579087405
78,0.028544222141208594
79,0.030687954885652288
80,0.0306966813980398
81,0.030694963252026353
82,0.030693245539368946
83,0.030691527593880892
84,0.030689809843097465
85,0.03283236663781281
86,0.03284090998095053
87,0.03283901501352375
88,0.03283712040472892
89,0.03283522575802635
90,0.032833331263827856
91,0.034974510689571615
92,0.034982837529169045
93,0.034980732503463514
94,0.03497862830547092
95,0.034976524576049994
96,0.034974419589416356
97,0.03711400752457848
98,0.03712207663425943
99,0.03711972411867464
100,0.037117371282874956
101,0.03711501866018807
102,0.03711266592974425
103,0.03925046829361236
104,0.03925827588362154
105,0.039255673475272486
106,0.03925307079858612
107,0.03925046923432092
108,0.03924786671595939
109,0.04138368567866564
110,0.04139117006925517
111,0.04138825520545652
112,0.04138534082245315
113,0.04138242641209217
114,0.04137951332071679
115,0.04351314525323687
116,0.0435203023289796
117,0.04351707511741552
118,0.04351384686277015
119,0.043510619504522764
120,0.04350739241170231
121,0.045638645138969876
122,0.045645430455624594
123,0.045641847000079
124,0.04563826388970483
125,0.04563468149775872
126,0.04563109867536696
127,0.04775975200085668
128,0.04776613250025548
129,0.047762160706333816
130,0.047758191071916374
131,0.04775421970523894
132,0.04775025084352819
133,0.049876118082320314
134,0.04988207988906652
135,0.049877709342399615
136,0.049873339690093416
137,0.04986896978749428
138,0.049864599715801886
139,0.051987497218360657
140,0.05199299038213212
141,0.051988173053250646
142,0.05198335500026587
143,0.05197853747202316
144,0.05197372147580609
145,0.05409342929371633
146,0.05409844713809434
147,0.054093174991721754
148,0.05408790170185966
149,0.0540826303960057
150,0.05407735930290073
151,0.05619369848223869
152,0.056198193244345024
153,0.05619242007029243
154,0.056186647830181756
155,0.05618087607203051
156,0.05617510470590787
157,0.05828786087105982
158,0.058291808187495915
159,0.058285514379967936
160,0.058279222697601656
161,0.0582729305740213
162,0.05826663943007589
163,0.06037563820835203
164,0.06037902442156337
165,0.06037219470308628
166,0.06036536732630338
167,0.06035853980865795
168,0.06035171227878891
169,0.06245677574246656
170,0.06245957100822125
171,0.0624521794001339
172,0.06244478792010341
173,0.062437400426133535
174,0.06243001719994936
175,0.06453093985328451
176,0.06453310880635399
177,0.06452512136369477
178,0.06451713535992894
179,0.06450915236084256
180,0.06450117268948816
181,0.06659776584419888
182,0.06659926341963
183,0.06659063324623275
184,0.06658200613688678
185,0.06657337977376301
186,0.06656475534429773
187,0.06865682629402727
188,0.06865764439338819
189,0.06864836645894684
190,0.06863908821658697
191,0.06862980944628362
192,0.06862053491990082
193,0.07070788660901599
194,0.07070798902655952
195,0.07069803958409465
196,0.0706880921323318
197,0.0706781449430855
198,0.07066819956991821
199,0.07275066709786188
200,0.07275002034264616
201,0.07273934996628668
202,0.07272868019645103
203,0.07271801302384119
204,0.07270734783727675
205,0.074784718817682
206,0.07478331667080056
207,0.07477192653575912
208,0.07476054180238861
209,0.07474915668950416
210,0.07473777615523432
211,0.07680990286055021
212,0.07680770759645383
213,0.07679556758026593
214,0.07678342975385022
215,0.07677129285992124
216,0.07675915995903779
217,0.07882585192914121
218,0.0788228542584693
219,0.07880995210958645
220,0.07879705229075626
221,0.0787841540091904
222,0.07877125633996912
223,0.08083235365804285
224,0.08082852264051325
225,0.08081483104848303
226,0.08080114072887228
227,0.0807874519797042
228,0.08077376576431561
229,0.08282905680884141
230,0.08282432675536257
231,0.08280977411661297
232,0.0827952238265425
233,0.08278067820821888
234,0.08276614048983902
235,0.08481546621304005
236,0.0848098924185615
237,0.08479454515036196
238,0.08477919625001959
239,0.08476384795678314
240,0.08474850387836341
