1,1.0202885062247515
2,0.8375087882578373
3,0.7837913873791694
4,0.7399614384025335
5,0.7040965096652507
6,0.6746144205331802
1,0.8770209428668022
2,0.7767063854634761
3,0.7367844734340906
4,0.7030146047472954
5,0.6745637906715274
6,0.6504659481346607
1,0.8784016444720328
2,0.8179670629650354
3,0.7682014510035515
4,0.7301311801373959
5,0.7008704794943332
6,0.6781086729466915
1,0.6363425391959027
2,0.5424377434002235
3,0.5162313349288888
4,0.49516227663261814
5,0.4773604375636205
6,0.4622409779159352
7,0.4493440480623394
8,0.4382728830957785
9,0.42870271258056164
10,0.4203662119060755
11,0.4130474621616304
12,0.40657341182231904
13,0.4008079754654318
14,0.39563648940995333
15,0.3909726314339787
16,0.38674520287662745
17,0.3828964195586741
18,0.3793790194950998
19,0.3761560971476138
20,0.3731907897442579
21,0.3704577441047877
22,0.36793355411849915
23,0.3655980899464339
24,0.3634338686615229
25,0.36142772441729903
26,0.3595618575718254
27,0.3578263955842704
28,0.3562106175906956
29,0.354704888407141
30,0.353300503147766
31,0.3519917290750891
32,0.35076711828820406
33,0.3496222692076117
34,0.3485512333270162
35,0.34754854219034315
36,0.34660920795053246
37,0.3457307700254023
38,0.3449047342967242
39,0.34412932945415375
40,0.34340099822729825
41,0.3427164332661778
42,0.34207261118106547
43,0.34146885173395275
44,0.34089828724972904
45,0.34036065254360437
46,0.3398537382017821
47,0.33937549621798097
48,0.33892402607481925
49,0.33849972592666744
50,0.33809668115805835
51,0.33771550553385166
52,0.3373548185871914
53,0.3370133166434243
54,0.3366897983290255
55,0.3363852913305163
56,0.33609446583781394
57,0.3358184888865799
58,0.3355564663046971
59,0.33530756092164665
60,0.33507099429145454
61,0.33484818149358037
62,0.33463417371734977
63,0.33443045410327615
64,0.33423644563183186
65,0.33405160328838973
66,0.33387539566960184
67,0.33370951156597584
68,0.3335491988970898
69,0.3333961708820425
70,0.3332500423793681
71,0.333110438301228
72,0.3329770156252198
73,0.33285160364583133
74,0.3327295978041366
75,0.33261285399552437
76,0.33250109820161017
77,0.33239408903289586
78,0.33229158487636595
79,0.33219550163950773
80,0.3321013521705754
81,0.33201106667052954
82,0.3319244650285691
83,0.33184136550175025
84,0.3317615980724804
85,0.3316871664789505
86,0.3316136242309585
87,0.33154296453343707
88,0.33147506111999975
89,0.33140979362186046
90,0.33134703591233117
91,0.33128882067743687
92,0.3312307644844987
93,0.3311748945643194
94,0.33112111483700574
95,0.33106933140894396
96,0.3310194696369581
97,0.3309735833341256
98,0.3309273246745579
99,0.3308827328891493
100,0.33083975403103977
101,0.33079831530340015
102,0.3307583639130462
103,0.33072197167668493
104,0.3306847999081947
105,0.3306489266769495
106,0.33061430395813657
107,0.3305808853753842
108,0.33054862134973517
109,0.3305196014139801
110,0.3304895153513644
111,0.3304604403965641
112,0.33043234910001046
113,0.33040520290611314
114,0.33037896048743276
115,0.33035572520806455
116,0.33033120557200163
117,0.3303074831806589
118,0.33028453334234653
119,0.3302623287099414
120,0.3302408425160684
121,0.33022218620288185
122,0.3302020710555371
123,0.3301825840712991
124,0.3301637125504203
125,0.3301454439689405
126,0.3301277374615893
127,0.3301127232855652
128,0.3300961087399628
129,0.3300799996720161
130,0.33006438290001827
131,0.33004924534470775
132,0.3300345612771343
133,0.33002244719304147
134,0.3300086429051589
135,0.32999523887061516
136,0.32998222817201167
137,0.32996959683252497
138,0.32995734552037903
139,0.32994756851228885
140,0.3299360159249045
141,0.32992478120373564
142,0.3299138676607981
143,0.3299032643600367
144,0.3298929534689523
145,0.32988505538087337
146,0.3298753240634687
147,0.3298658377339598
148,0.3298566135240253
149,0.3298476392496377
150,0.3298389016103465
151,0.3298325118678622
152,0.32982424628688023
153,0.32981617384473794
154,0.32980831352062523
155,0.3298006545356475
156,0.3297931875102222
157,0.32978802334750074
158,0.3297809321340173
159,0.32977401180309246
160,0.3297672515851445
161,0.3297606565814931
162,0.3297542201098986
163,0.32975003637722694
164,0.32974390487070193
165,0.3297379052406177
166,0.32973203212954105
167,0.32972629577387125
168,0.3297206894122064
169,0.32971731101511975
170,0.3297119481174741
171,0.3297066920081852
172,0.3297015405801358
173,0.32969649757549635
174,0.32969155488419344
175,0.32968882138084155
176,0.3296840839704964
177,0.3296794221183518
178,0.3296748496993678
179,0.3296703655621968
180,0.3296659571962664
181,0.3296637382375775
182,0.32965950241778047
183,0.32965532552683724
184,0.32965122125693597
185,0.3296471830015071
186,0.32964321111212486
187,0.3296414030267624
188,0.3296375681925565
189,0.3296337795839645
190,0.3296300459629856
191,0.3296263656078372
192,0.32962273972516415
193,0.32962126245431134
194,0.3296177422750043
195,0.3296142567828065
196,0.32961082314606754
197,0.329607427380397
198,0.3296040777734015
199,0.32960285856737753
200,0.3295995908410987
201,0.3295963558420772
202,0.3295931556035066
203,0.3295899807696696
204,0.3295868449122645
205,0.32958582579391077
206,0.3295827673841268
207,0.3295797178335488
208,0.3295767003187211
209,0.3295737046684371
210,0.3295707377808867
211,0.32956987884652333
212,0.3295669643179281
213,0.32956406896642876
214,0.32956118997186423
215,0.3295583378023002
216,0.3295554963086033
217,0.3295547473279294
218,0.329551958477241
219,0.32954917222901714
220,0.32954640355310405
221,0.32954364954377524
222,0.3295409044122789
223,0.3295402549940627
224,0.32953755259804896
225,0.3295348494831705
226,0.32953216510417405
227,0.32952948421705514
228,0.3295268145867158
229,0.329526233021752
230,0.3295235924748704
231,0.3295209453755524
232,0.3295183160167653
233,0.3295156963431509
234,0.32951307790295686
235,0.32951252939470577
236,0.32950993554783053
237,0.3295073401549598
238,0.32950474827201104
239,0.32950216145720335
240,0.32949958394514395
