1,0.9822058474039924
2,0.8038155021896014
3,0.7549018886322965
4,0.715875714529092
5,0.6848145638291487
6,0.6601362531843297
1,0.8072305919154975
2,0.7115552399491244
3,0.6770017560866164
4,0.6486003156937362
5,0.6255170256367207
6,0.6067861312851289
1,0.8739448850424025
2,0.8147578473585985
3,0.7661467471915615
4,0.7282818762682625
5,0.699029489985249
6,0.6762759666257605
1,0.6362892348797247
2,0.5424349675943522
3,0.5162285624944323
4,0.4951595058704812
5,0.4773576679155226
6,0.46223821286077466
7,0.4493391377712348
8,0.43826796279525404
9,0.42869779546516557
10,0.42036129540580464
11,0.4130425485362443
12,0.4065684994875668
13,0.400800927499303
14,0.3956294336459932
15,0.39096558178255203
16,0.3867381512096049
17,0.3828893703183455
18,0.3793719708210442
19,0.37614690501443265
20,0.37318158652665895
21,0.3704485380112804
22,0.3679243519715627
23,0.3655888909666523
24,0.36342467013299284
25,0.3614163783199748
26,0.3595505045986042
27,0.3578150449628765
28,0.35619927019333625
29,0.3546935405136128
30,0.35328915618954354
31,0.3519782358706855
32,0.3507536164677659
33,0.34960876985916456
34,0.34853773284765643
35,0.3475350476380161
36,0.3465957107461659
37,0.345715128733516
38,0.3448890795250707
39,0.3441136783460534
40,0.34338534752125477
41,0.3427007895405045
42,0.34205696291504123
43,0.34145106044243023
44,0.34088048956905526
45,0.3403428545943891
46,0.33983594050416727
47,0.33935769825325596
48,0.3389062313456501
49,0.3384797835803385
50,0.33807672784899806
51,0.337695555885583
52,0.33733486887954345
53,0.33699336887422804
54,0.33666985088031687
55,0.33636319564129435
56,0.33607236299415794
57,0.33579638577398585
58,0.3355343642157786
59,0.3352854608112391
60,0.33504889558197026
61,0.33482394173397784
62,0.3346099216614599
63,0.33440620327063825
64,0.33421219659693063
65,0.3340273506910523
66,0.3338511507517267
67,0.3336831154845949
68,0.3335227946686477
69,0.3333697669130916
70,0.33322363758900975
71,0.3330840369214974
72,0.3329506182291675
73,0.33282305629902026
74,0.332701045885686
75,0.3325843003249693
76,0.3324725502524722
77,0.33236554241884453
78,0.33226303859391265
79,0.33216481455258917
80,0.3320706591360542
81,0.3319803733822401
82,0.3318937697201462
83,0.331810671222961
84,0.3317309109153861
85,0.33165433113093523
86,0.33158078291532084
87,0.33151012547237335
88,0.3314422256492113
89,0.33137695745765783
90,0.3313142016291418
91,0.33125384520054046
92,0.33119578112862635
93,0.33113990793097225
94,0.3310861293513352
95,0.33103435404769743
96,0.3309844953012942
97,0.3309364707450768
98,0.3308902021101949
99,0.33084561498918474
100,0.3308026386146554
101,0.3307612056523538
102,0.3307212520075874
103,0.33068271664404747
104,0.33064554141416
105,0.33060967090015153
106,0.33057505226508377
107,0.3305416351131608
108,0.3305093713586739
109,0.3304782151029849
110,0.33044812251900507
111,0.3304190517426593
112,0.33039096277086366
113,0.33036381736558385
114,0.33033757896356664
115,0.33031221259137106
116,0.33028768478535037
117,0.3302639635162634
118,0.33024101811821227
119,0.3302188192216305
120,0.330197338690061
121,0.3301765495604817
122,0.3301564259869588
123,0.3301369431874134
124,0.33011807739331095
125,0.33009980580209286
126,0.33008210653217807
127,0.3300649585803819
128,0.3300483417816018
129,0.3300322367706353
130,0.3300166249460031
131,0.33000148843565463
132,0.32998681006444897
133,0.3299725733233042
134,0.32995876233991955
135,0.329945361850977
136,0.32993235717574004
137,0.32991973419096815
138,0.3299074793070729
139,0.32989557944544495
140,0.32988402201688727
141,0.3298727949010929
142,0.32986188642710956
143,0.32985128535473657
144,0.3298409808568044
145,0.3298309625022873
146,0.3298212202402066
147,0.3298117443842805
148,0.3298025255982812
149,0.32979355488206424
150,0.32978482355823063
151,0.3297763232593941
152,0.3297680459160177
153,0.3297599837447935
154,0.3297521292375357
155,0.32974447515056515
156,0.32973701449455306
157,0.32972974052481097
158,0.3297226467319957
159,0.3297157268332141
160,0.3297089747635077
161,0.3297023846676963
162,0.32969595089256587
163,0.329689667979383
164,0.32968353065671896
165,0.3296775338335741
166,0.32967167259278
167,0.32966594218467443
168,0.3296603380210311
169,0.32965485566923663
170,0.3296494908466985
171,0.3296442394154795
172,0.32963909737714103
173,0.32963406086779423
174,0.32962912615334294
175,0.32962428962491247
176,0.3296195477944577
177,0.3296148972905381
178,0.32961033485425895
179,0.3296058573353636
180,0.329601461688478
181,0.32959714496949616
182,0.3295929043321004
183,0.3295887370244148
184,0.3295846403857823
185,0.32958061184366033
186,0.32957664891063376
187,0.32957274918153573
188,0.3295689103306747
189,0.32956513010916394
190,0.32956140634234515
191,0.3295577369273082
192,0.3295541198304984
193,0.32955055308541065
194,0.3295470347903656
195,0.3295435631063635
196,0.3295401362550174
197,0.32953675251655573
198,0.3295334102278977
199,0.3295301077807946
200,0.32952684362003626
201,0.3295236162417206
202,0.32952042419158223
203,0.32951726606337983
204,0.3295141404973363
205,0.32951104617863664
206,0.3295079818359735
207,0.3295049462401437
208,0.32950193820269286
209,0.3294989565746031
210,0.32949600024503106
211,0.32949306814008006
212,0.3294901592216203
213,0.3294872724861454
214,0.3294844069636669
215,0.329481561716647
216,0.329478735838964
217,0.32947592845491586
218,0.3294731387182528
219,0.3294703658112428
220,0.32946760894376953
221,0.32946486735245706
222,0.32946214029982424
223,0.3294594270734681
224,0.3294567269852697
225,0.3294540393706309
226,0.3294513635877304
227,0.32944869901680873
228,0.32944604505947245
229,0.3294434011380215
230,0.3294407666948004
231,0.3294381411915661
232,0.3294355241088802
233,0.3294329149455168
234,0.3294303132178916
235,0.32942771845950786
236,0.3294251302204204
237,0.3294225480667161
238,0.329419971580011
239,0.3294174003569633
240,0.3294148340088006
