1,7.689704901517058
2,0.1187671133937935
3,14.629057500163714
4,14.605006144444149
5,28.95135907649994
6,28.857544668515523
7,43.11257911046346
8,42.98426152070363
9,57.344545183181765
10,57.30042175928752
11,71.87101137161255
12,71.87608392397563
13,86.45237126668295
14,86.38821496009827
15,100.76653881072998
16,100.6485860602061
17,114.86181345621745
18,114.81611280441284
19,129.14860763549805
20,129.1593392690023
21,143.7042528597514
22,143.70561615626016
23,158.12845059076946
24,158.06185000737509
25,172.27042189915974
26,172.06363213857014
27,186.42385328928628
28,186.22242167154948
29,200.79182653427125
30,200.7933248837789
31,215.25356852849325
32,215.11544136683145
33,229.29569020589193
34,229.18090202331544
35,243.3830373509725
36,243.22512151082356
37,257.5883549753825
38,257.5684023793538
39,272.0152479171753
40,271.911958732605
41,286.00311096191405
42,285.9804289627075
43,299.89643010457354
44,299.8110605748494
45,314.1906156539917
46,313.9962364323934
47,328.4455782953898
48,328.2461979166667
49,342.41119815826414
50,342.1832990900675
51,356.19843803405763
52,356.045341835022
53,370.23067348480225
54,370.03048535664874
55,384.403335164388
56,384.29933169047035
57,398.2496718597412
58,397.84364117940265
59,411.95018655141195
60,411.78809272766114
61,425.8523876317342
62,425.54239046732584
63,439.8771994781494
64,439.57458760579425
65,453.5007136027018
66,453.265741704305
67,467.1456033706665
68,466.7018505859375
69,480.8179187011719
70,480.7012074788411
