1,89.975
2,92.145
3,92.365
4,93.48
5,94.545
6,94.775
7,95.145
8,94.965
9,95.03
10,95.175
11,95.325
12,95.345
13,95.575
14,95.735
15,95.53
16,95.915
17,96.01
18,95.995
19,95.975
20,95.845
21,96.04
22,96.245
23,96.21
24,96.28
25,96.31
26,96.13
27,96.365
28,96.405
29,96.355
30,96.125
31,96.645
32,96.575
33,96.465
34,96.375
35,96.365
36,96.495
37,96.545
38,96.56
39,96.52
40,96.645
41,96.735
42,96.795
43,96.74
44,96.74
45,96.575
46,96.605
47,96.705
48,96.72
49,96.755
50,96.405
51,96.755
52,96.73
53,96.855
54,97.05
55,96.7
56,96.745
57,96.86
58,96.93
59,96.98
60,96.85
61,96.935
62,96.755
63,96.845
64,96.985
65,97.055
66,97.01
67,96.915
68,97.055
69,96.815
70,96.925
71,96.645
72,96.945
73,96.945
74,97.01
75,96.87
76,97.12
77,97.225
78,97.095
79,96.99
80,96.905
