1,1.85052140109241
2,0.37514239637802044
3,0.28370879606033367
4,0.23889109704022607
5,0.2170194938313216
6,0.20122951734811068
7,0.1841714404709637
8,0.17559608980081975
9,0.16871208848742147
10,0.15750308077316733
11,0.1496740071134021
12,0.14504807605563352
13,0.1365549652526776
14,0.12983048032503575
15,0.12919823872080693
16,0.14182649857830257
17,0.13094525093445555
18,0.1251463363862907
19,0.11945919770359371
20,0.11532321446575225
21,0.11141416392289102
22,0.11495912549784407
23,0.10759473474153007
24,0.09932607823594784
25,0.09722521270935734
26,0.10780136949848383
27,0.10148777960178752
28,0.09485168472048827
29,0.098199227945103
30,0.09145256829137603
31,0.08879421562693703
32,0.0850139368911429
33,0.08557352799572981
34,0.08748729060442807
35,0.08612378364894539
36,0.09202023580631552
37,0.0835243067482952
38,0.0972681552109619
39,0.09064501109727037
40,0.08550303699953171
41,0.07965025932644494
42,0.07659972396174757
43,0.08110313427285291
44,0.07619454048147115
45,0.07732152090097467
46,0.0818190081739643
47,0.07720956459563846
48,0.0801664632607329
49,0.07936208733163463
50,0.07411895220517181
51,0.07216793668145935
52,0.07236769936551961
53,0.0694032299266352
54,0.06798429554522348
55,0.06914817296201363
56,0.07111316399862214
57,0.08323052209569141
58,0.07230483518544739
59,0.07692258699816497
60,0.07288877597699563
61,0.06809459822950885
62,0.07034330796741414
63,0.07483974129330212
64,0.06859482598064157
65,0.06293621691409498
66,0.07028837895719335
67,0.07279010168955817
68,0.07451631366333458
69,0.07069239920335045
70,0.0677860186555578
71,0.07376391731163798
72,0.0669841459261564
73,0.06575587230618112
74,0.06047572685599638
75,0.06689067012523689
76,0.05888575247876967
77,0.05503534798345451
78,0.054876224419179685
79,0.06102476338642494
80,0.053458977939444596
