1,1.8582111028581858
2,0.3752611636867126
3,0.29833785481750963
4,0.253496103802075
5,0.24597085426871976
6,0.23008706333115697
7,0.22728402165075143
8,0.21858035320416092
9,0.22605663643529017
10,0.21480350527912379
11,0.22154502204929788
12,0.21692416346942386
13,0.22300734066714842
14,0.21621869965766868
15,0.22996478233486414
16,0.24247508959223826
17,0.24580707013607025
18,0.2399624547238151
19,0.24860781171669563
20,0.24448255999634663
21,0.2551184235016505
22,0.25866474844515325
23,0.2657231928904851
24,0.2573879362270236
25,0.26949564221004646
26,0.2798650095239282
27,0.28791164205720027
28,0.28107411553462347
29,0.2989910643920302
30,0.29224590269227824
31,0.3040477942799528
32,0.30012938878188533
33,0.31486922959486646
34,0.3166682034979264
35,0.32950683289517957
36,0.33524536839375896
37,0.34111267448713384
38,0.35483656904349725
39,0.36266027157505354
40,0.3574150090912978
41,0.3656533839056889
42,0.362580166272819
43,0.380999579243362
44,0.3760056159396966
45,0.3915121518696348
46,0.39581525973975656
47,0.4056551580627759
48,0.408412677111725
49,0.4217733016734322
50,0.4163022671143214
51,0.4283663912614187
52,0.4284130582337578
53,0.4396339212109645
54,0.4380147981146971
55,0.4535515268146992
56,0.4554125144953529
57,0.48148021306842564
58,0.47014849496384464
59,0.48887279244760673
60,0.48467688836157324
61,0.4939470049738884
62,0.4958857192099094
63,0.5147169620792071
64,0.508169433971246
65,0.51643695153296
66,0.5235541423410177
67,0.5399357270946106
68,0.5412181858966748
69,0.5515103407452504
70,0.5484872489670912
71,0.5683676012357076
72,0.5615332368016243
73,0.5739324797441562
74,0.5682187737524509
75,0.5884327864150206
76,0.5802224665135145
77,0.5901182174682618
78,0.5898637993385395
79,0.6097682566444079
80,0.6018485914170743
