1,9.443605885505676
2,1.7012001806603803
3,0.027753363094016093
4,0.0267218086378125
5,0.02545833569536626
6,0.024295127446384866
1,7.084765162467956
2,1.4663148963573622
3,0.012874132080323761
4,0.012537461916945176
5,0.012210367173101986
6,0.011904453759052558
1,38.58395221710205
2,33.523359050750734
3,28.03720880508423
4,22.55206838607788
5,17.071542816162108
6,11.593235931396485
1,25.498043136596678
2,21.338284969329834
3,16.893930349349976
4,12.451423854827881
5,8.01387957572937
6,3.5810359430313112
1,1.952177609775681
2,0.13172523956687654
3,0.1298710315473727
4,0.12847914479585598
5,0.12728711015108274
6,0.1264317748686881
1,25.58568239212036
2,24.14491159439087
3,22.44635425567627
4,20.748305225372313
5,19.050863761901855
6,17.353380012512208
1,45.40820362091065
2,42.23909309387207
3,38.590046081542965
4,34.94099792480469
5,31.294980583190917
6,27.65325469970703
1,78.93197227478028
2,72.17270530700684
3,64.58102512359619
4,56.989343872070314
5,49.397663040161135
6,41.805982398986814
1,40.01259204864502
2,33.20416864395142
3,25.95713415145874
4,18.71304012298584
5,11.474491896629333
6,4.240338453650475
1,20.17125482559204
2,11.938850502967835
3,3.50300009500992
4,0.05644020483523491
5,0.05641035641863709
6,0.05638052804482868
1,19.888208274841308
2,18.9229833984375
3,17.75123477935791
4,16.580950965881346
5,15.41319700241089
6,14.246473474502563
1,11.024405517578124
2,6.211689569950104
3,1.5597434256415
4,0.4930093865460367
5,0.49186090520088327
6,0.49071464286040284
1,31.813344841003417
2,29.179462699890138
3,26.215189571380616
4,23.251535243988037
5,20.287883243560792
6,17.324233503341674
1,9.424937686920167
2,2.9775227070285473
3,0.1413220497180009
4,0.14114381368228351
5,0.14096579626188033
6,0.14078800590083118
1,50.45373058319092
2,46.58041061401367
3,42.17909828186035
4,37.77778594970703
5,33.37648555755615
6,28.975231800079346
1,22.418894367218016
2,16.424415607452392
3,10.175725688934326
4,3.9285245752334594
5,0.054572831716068325
6,0.0030864762015698943
1,37.15164516448974
2,35.581778068542484
3,33.63010601043701
4,31.682049407958985
5,29.735389881134033
6,27.790111541748047
1,15.350735015869141
2,15.234790239334107
3,14.976319999694825
4,14.717870330810547
5,14.459440994262696
6,14.201031837463379
1,0.5470159393548966
2,0.542246935069561
3,0.5139882498979569
4,0.4857764804363251
5,0.45756515622138977
6,0.4293543514609337
1,31.918763904571534
2,27.987610321044922
3,23.716377334594725
4,19.445145454406738
5,15.173914670944214
6,10.902685222625733
1,70.46036598205566
2,63.09386962890625
3,54.976159324646
4,46.85858360290527
5,38.74248344421387
6,30.62690517425537
1,16.959896745681764
2,7.765294322967529
3,0.5128666884744598
4,0.023436376510217086
5,0.02343013644145685
6,0.023423898144974375
1,67.64253448486328
2,59.52266574859619
3,50.67633689880371
4,41.831168212890624
5,32.98722747802734
6,24.143832569122313
1,11.251979365348816
2,3.0421620501021973
3,0.0007164898019982502
4,0.0007164736486447509
5,0.0007164575053320732
6,0.0007164413608552422
1,51.868878784179685
2,46.45634204864502
3,40.49197357177734
4,34.52748880386353
5,28.5629469871521
6,22.598405132293703
1,35.46070655822754
2,28.60747793197632
3,21.361606273651123
4,14.119131574630737
5,6.878625893592835
6,0.7381776864237327
1,60.13746402740478
2,52.8570121383667
3,44.93245994567871
4,37.010306434631346
5,29.089503383636476
6,21.168698902130128
1,39.18324306488037
2,34.23320983886719
3,28.86446617126465
4,23.4957234954834
5,18.126962995529176
6,12.758202085494995
1,19.031249122619627
2,18.80782699584961
3,18.39308841705322
4,17.97912836074829
5,17.565810241699218
6,17.15310298919678
1,0.17647217560268472
2,0.04292630679818103
3,0.042888976091053334
4,0.04285167578316759
5,0.04281441509112483
6,0.04277718269499019
1,33.10009195327759
2,29.675988750457762
3,25.905916595458983
4,22.13584800720215
5,18.365783557891845
6,14.595734138488769
1,57.08049747467041
2,52.02889980316162
3,46.366045265197755
4,40.703190650939945
5,35.04044036865234
6,29.37781032562256
7,23.715073623657226
8,18.052396783828737
9,12.38966854095459
10,6.726949353218078
11,1.3481827544985572
12,0.0260030936068506
13,0.02577364027907606
14,0.025486744255176746
15,0.02520519280951703
16,0.024923715154873207
17,0.024642309526971076
18,0.024360972923459484
19,0.024135821621166544
20,0.023849894735612907
21,0.023569308316800743
22,0.023288787609781137
23,0.023008338237996213
24,0.02272795143595431
25,0.022507128394208847
26,0.02222216332156677
27,0.021942530150408857
28,0.021662961074034683
29,0.02138345504179597
30,0.021104009205009787
31,0.020887542360578663
32,0.02060351934924256
33,0.02032482686685398
34,0.02004618899372872
35,0.01976760923222173
36,0.01948908438964281
37,0.01927700297324918
38,0.018993886744137854
39,0.018716097765718587
40,0.01843835827021394
41,0.018160669314092957
42,0.017883036037674174
43,0.01767535803024657
44,0.017393117770552635
45,0.017116201365715823
46,0.016839343199389987
47,0.016562533742398956
48,0.016285769619280473
49,0.016082528927363456
50,0.015801171521889045
51,0.015525131938047707
52,0.015249134995392523
53,0.014973178629297763
54,0.014697262345580385
55,0.014498483940260485
56,0.01421797033166513
57,0.01394276954291854
58,0.013667608011164702
59,0.013392483250936494
60,0.013117394116125069
61,0.01292310397606343
62,0.012643416240462103
63,0.012369039332261309
64,0.012094695877167397
65,0.011820380453718827
66,0.01154609770339448
67,0.011356326676905155
68,0.011077451439923607
69,0.010803879332379439
70,0.010530337099335157
71,0.010256823389208875
72,0.009983333611744456
73,0.009798110231058673
74,0.009520019637420774
75,0.009247228290769271
76,0.008974456964060663
77,0.008701707279542462
78,0.008428979606833309
79,0.0082483277952997
80,0.007970998083474115
81,0.007698963768780232
82,0.007426947760977782
83,0.007154948390088975
84,0.006882966127013787
85,0.006706917549599893
86,0.0064303367224056275
87,0.0061590456095291304
88,0.005887767891399562
89,0.005616504668723792
90,0.005345252965926192
91,0.005173837897600606
92,0.004897983931005001
93,0.00462741497613024
94,0.004356855516671203
95,0.004086304472875782
96,0.003815760788274929
97,0.003649008554057218
98,0.003373862244770862
99,0.003103996607824229
100,0.0028341353061841802
101,0.0025642779102781786
102,0.0022944234841270374
103,0.0021323634177679196
104,0.0018579051544656978
105,0.0016061596717918292
106,0.001551651699701324
107,0.0015515160612994804
108,0.0015513803390786052
109,0.0016607741761254147
110,0.0016553585196379572
111,0.001655356393312104
112,0.0016552918090019374
113,0.0016552997741382568
114,0.0016555868834257125
115,0.0017646661022445186
116,0.001759222755790688
117,0.0017594006634317338
118,0.0017592329846229404
119,0.0017594036215450614
120,0.0017592947446973995
121,0.0018683818430872633
122,0.0018632972874911501
123,0.0018632255372358485
124,0.001863085848162882
125,0.0018632666557095944
126,0.00186320903012529
127,0.0019722738896962256
128,0.0019671915657818316
129,0.0019671092065982523
130,0.001967108037788421
131,0.0019671221770113335
132,0.0019670939940260724
133,0.0020764762291219084
134,0.0020709774520946667
135,0.002071087214862928
136,0.002070990060456097
137,0.0020710237277671694
138,0.0020709840301424264
139,0.0021802061022026466
140,0.002174895479111001
141,0.0021749182214261965
142,0.0021748684451449664
143,0.0021748408296843992
144,0.002174790783319622
145,0.0022843003267189487
146,0.002278760461485945
147,0.0022788512328406796
148,0.0022787308203987776
149,0.002278837715275586
150,0.0022787013230845332
151,0.00238802588370163
152,0.0023825763451168313
153,0.002382754067075439
154,0.0023825232562376185
155,0.0023826180503237994
156,0.0023827727715251966
157,0.0024917116295546295
158,0.0024867499305400997
159,0.0024864406930282714
160,0.0024865880352444945
161,0.002486362495692447
162,0.002486486887210049
163,0.0025958093395456673
164,0.0025903457897948103
165,0.002590546410065144
166,0.0025902750447858126
167,0.00259055896603968
168,0.0025902258307905868
169,0.002699564206413925
170,0.0026941982086282224
171,0.002694147410802543
172,0.0026942692056763917
173,0.0026941058237571268
174,0.0026943588501308112
175,0.002803267280105501
176,0.0027982536086346953
177,0.002797969148377888
178,0.002798215408693068
179,0.002797945952625014
180,0.002798177412478253
181,0.0029071244021179154
182,0.0029020391963422297
183,0.0029018472094321625
184,0.0029019729269202797
185,0.002901727026910521
186,0.00290178959374316
187,0.0030111280811252073
188,0.0030054917203960942
189,0.0030057179648429154
190,0.003005664355587214
191,0.0030055717757204547
192,0.003005826890585013
193,0.003114780316827819
194,0.003109618986491114
195,0.0031094603874953462
196,0.003109370127785951
197,0.0031096625636564566
198,0.003109404859715141
199,0.003218719051219523
200,0.003213283091317862
201,0.003213215142022818
202,0.0032134458812652154
203,0.003213028216268867
204,0.003213246734230779
205,0.0033223756594816223
206,0.0033170886721927673
207,0.003317121353466064
208,0.003316885168896988
209,0.003317061452544294
210,0.003316771652898751
211,0.003426139102084562
212,0.003420871655107476
213,0.003420580558013171
214,0.0034208007849520074
215,0.0034208100097021087
216,0.003420507372939028
217,0.0035298658109968527
218,0.0035245690727606417
219,0.003524654525681399
220,0.0035243728070054204
221,0.003524563164683059
222,0.003524466174421832
223,0.003633614875143394
224,0.0036284119711490347
225,0.003628325037425384
226,0.003628031075350009
227,0.0036282434966415167
228,0.0036282368621323256
229,0.0037374051177175714
230,0.0037320994696347044
231,0.0037320163287222386
232,0.0037320293858647347
233,0.0037320127186831085
234,0.003731999866431579
235,0.0038410594523884357
236,0.0038355633575702084
237,0.0038359540916280822
238,0.003835701780044474
239,0.0038354471122147515
240,0.0038356582185951993
1,62.00211124420166
2,54.726604042053225
3,46.785989379882814
4,38.84551502227783
5,30.905102844238282
6,22.964690437316893
7,15.024395723342895
8,7.084002592563629
9,0.6108444056657026
10,0.000593696536088828
11,0.0005933127703610807
12,0.0005929289947380311
13,0.0008336012694053352
14,0.0008352933407877571
15,0.0008349051477853209
16,0.0008345169745734893
17,0.000834128787391819
18,0.0008337405972997658
19,0.001074380524805747
20,0.0010760687093716115
21,0.001075676015461795
22,0.001075283280806616
23,0.0010748906200751661
24,0.001074497908120975
25,0.0013151050661690533
26,0.0013167892262572422
27,0.0013163918850477784
28,0.0013159945292863994
29,0.0013155972090316936
30,0.0013151998678222298
31,0.0015557735424954445
32,0.0015574537531938403
33,0.0015570518310414627
34,0.001556649940321222
35,0.0015562480059452355
36,0.001555846104165539
37,0.001796386115020141
38,0.001798062261659652
39,0.0017976555757923051
40,0.0017972489551175386
41,0.0017968422768171878
42,0.0017964356584707275
43,0.0020369416527682917
44,0.0020386136742308737
45,0.0020382022310514005
46,0.0020377908350201323
47,0.002037379353423603
48,0.002036967961466871
49,0.002277439546305686
50,0.0022791072819381953
51,0.002278691084939055
52,0.0022782747156452387
53,0.0022778584732441234
54,0.002277442203485407
55,0.002517878952785395
56,0.0025195424316916616
57,0.0025191212119534613
58,0.0025187000067671762
59,0.0025182788138045
60,0.0025178577104816215
61,0.0027582591644022612
62,0.0027599183708662167
63,0.002759492170298472
64,0.002759066011640243
65,0.0027586398675339295
66,0.0027582136756973343
67,0.002998579489067197
68,0.0030002342216903346
69,0.0029998029832495375
70,0.0029993717052275316
71,0.002998940407996997
72,0.002998509267345071
73,0.003238838990218937
74,0.0032404891506303104
75,0.003240052776527591
76,0.003239616366918199
77,0.003239179917727597
78,0.0032387435383861886
79,0.0034790369059192017
80,0.0034806826448766513
81,0.0034802410780685024
82,0.0034797996265115215
1,36.0109538269043
2,31.03746753692627
3,25.66913496017456
4,20.300801391601563
5,14.932797765731811
6,9.567698154449463
1,32.034088935852054
2,26.42224313735962
3,20.45817831039429
4,14.496958436965942
5,8.542504215240479
6,2.607510003093048
1,20.517740058898926
2,17.780696926116942
3,14.82860200881958
4,11.878755550384522
5,8.929087209701539
6,5.9801086330413815
1,47.54553886413574
2,40.31883670806885
3,32.57380670547485
4,24.829859409332276
5,17.085983018875122
6,9.342149710655212
7,1.9338036597709287
8,0.002565960634383373
9,0.002565938350599026
10,0.002565915990417125
11,0.002565893641731236
12,0.0025658713448501657
13,0.004049164973694132
14,0.004071841517579742
15,0.0040717884538753425
16,0.004071735384059139
17,0.0040716822999820575
18,0.004071629300015047
19,0.005554662757349433
20,0.005577288586937357
21,0.005577188497845782
22,0.005577088319259928
23,0.005576988151733531
24,0.005576888129871805
25,0.0070595604373374955
26,0.007082121413695859
27,0.007081961396761471
28,0.007081801355379867
29,0.0070816412311978634
30,0.007081481387431267
31,0.008563695671764435
32,0.008586180271231569
33,0.008585950033011613
34,0.008585720076080178
35,0.008585489924589637
36,0.008585259862302337
37,0.010066930294706254
38,0.010089318103709957
39,0.01008899883061531
40,0.010088679577747825
41,0.010088360230147373
42,0.010088041148846968
43,0.011569064214854733
44,0.011591345765336882
45,0.01159092925110599
46,0.011590512809198117
47,0.011590096451109276
48,0.011589680211618542
49,0.013069966855691745
50,0.013092122481029946
51,0.01309159049182199
52,0.013091058689315104
53,0.013090526815358317
54,0.013089994990150445
55,0.014569450453273021
56,0.014591467840509721
57,0.014590809758374235
58,0.014590151509619318
59,0.014589493228268111
60,0.014588834858586778
61,0.016067366432398558
62,0.016089233815000624
63,0.016088439507584554
64,0.01608764485557913
65,0.016086850131978282
66,0.016086055583582493
67,0.017563570565980628
68,0.017585265498491934
69,0.017584311983955558
70,0.01758335819162312
71,0.0175824047770584
72,0.017581451255537103
73,0.019057850454119035
74,0.01907936310337391
75,0.019078242925461383
76,0.019077122789458372
77,0.019076002708170562
78,0.019074882724089547
79,0.02055007316143019
80,0.020571387931122443
81,0.02057008606789168
82,0.020568784868519287
83,0.020567483548657037
84,0.020566181895555927
85,0.02204007825930603
86,0.022061182959587314
87,0.022059689630696086
88,0.022058196542784573
89,0.02205670349590946
90,0.022055210677499416
91,0.023527713762014173
92,0.023548591969884
93,0.023546890590514524
94,0.023545189269061666
95,0.02354348893481074
96,0.02354178832960315
97,0.025012812708737328
98,0.025033456079545432
99,0.02503154090314638
100,0.025029625329189002
101,0.02502771113300696
102,0.025025796963018366
103,0.026495248205610552
104,0.026515625737956725
105,0.02651346692990046
106,0.02651130929472856
107,0.02650915131205693
108,0.026506993439397775
109,0.02797476840089075
110,0.027994880589540118
111,0.027992480917600916
112,0.027990081324824133
113,0.027987681886879726
114,0.027985282798763365
115,0.029451311391894705
116,0.029471147132571787
117,0.02946849512285553
118,0.02946584328892641
119,0.029463192754774353
120,0.029460541203734467
121,0.03092472516000271
122,0.030944263490964657
123,0.03094134107872378
124,0.030938418463338165
125,0.030935496446327305
126,0.030932574577163904
127,0.03239482096978463
128,0.032414038304123094
129,0.03241082101711072
130,0.032407603396568445
131,0.03240438626438845
132,0.032401170115335845
133,0.0338613866455853
134,0.033880285733030174
135,0.03387677893042564
136,0.03387327197648119
137,0.03386976612440776
138,0.03386626034800429
139,0.03532437221030705
140,0.0353429373644758
141,0.035339126907638276
142,0.035335316126584075
143,0.0353315059322631
144,0.035327695897431115
145,0.03678360356425401
146,0.03680182024778333
147,0.03679769021575339
148,0.03679356123146135
149,0.036789433038793506
150,0.036785305712837724
151,0.03823893393331673
152,0.0382567821914563
153,0.03825231925526168
154,0.03824785675213207
155,0.03824339443119243
156,0.038238933787215504
157,0.039690188326640057
158,0.03970765117614064
159,0.03970283529779408
160,0.039698019035276956
161,0.03969320234085899
162,0.039688387842616066
163,0.04113717129745055
164,0.04115424997115042
165,0.041149082783958874
166,0.0411439171776874
167,0.041138751442194914
168,0.04113358719216194
169,0.04257982375042047
170,0.04259649369341787
171,0.04259095462737605
172,0.0425854155770503
173,0.042579877521493475
174,0.0425743404525565
175,0.04401794120494742
176,0.04403420399874449
177,0.044028294697636736
178,0.04402238612121437
179,0.04401647980150301
180,0.044010572813567704
181,0.04545147618511692
182,0.04546730369038414
183,0.045460997876361944
184,0.04545469211705495
185,0.045448387649958025
186,0.045442084488458934
187,0.046880167087656445
188,0.04689553716976661
189,0.04688881157140713
190,0.0468820904038148
191,0.04687537537829485
192,0.04686866075149737
193,0.04830384892236907
194,0.04831876785785425
195,0.04831163181399461
196,0.04830450016946997
197,0.04829737134510651
198,0.04829024203063455
199,0.049722474669688384
200,0.0497369266016176
201,0.04972936516220216
202,0.0497218064556364
203,0.049714247591909955
204,0.049706692170002495
205,0.05113586627005134
206,0.05114984132407699
207,0.05114184861246031
208,0.05113385511154775
209,0.0511258641857421
210,0.05111787420173641
211,0.052543918821029365
212,0.05255740679334849
213,0.05254896806727629
214,0.05254053209617268
215,0.052532097043003885
216,0.05252366399916355
217,0.05394651171925943
218,0.053959520595963116
219,0.053950650780461726
220,0.05394178168906365
221,0.05393291555519682
222,0.0539240504312329
223,0.05534362084523309
224,0.055356096908217294
225,0.055346741147805
226,0.055337388585321605
227,0.055328038994339294
228,0.055318689778214324
229,0.05673488209838979
230,0.056746830874471924
231,0.05673699647479225
232,0.05672716436733026
233,0.05671733360388316
234,0.056707505296799354
235,0.05812025893654209
236,0.05813166549196467
237,0.05812133233237546
238,0.058111005511600526
239,0.05810068091086577
240,0.05809035864891485
1,30.266419429779052
2,24.496885433197022
3,18.393457851409913
4,12.292210283279418
5,6.195418322086335
6,0.8174408488162999
7,0.009703489948587957
8,0.009692303279589396
9,0.009681552945403382
10,0.009670804870547728
11,0.009660059515736065
12,0.00964931594353402
13,0.010003910981176888
14,0.009992867671826389
15,0.009982250429748091
16,0.009971637919661588
17,0.00996102806791896
18,0.009950420762761496
19,0.010305845538387075
20,0.010294943637854886
21,0.01028445946314605
22,0.010273977156612091
23,0.010263498439162504
24,0.010253023294208106
25,0.010609269829874392
26,0.010598508002003655
27,0.010588155744771939
28,0.010577805084176361
29,0.010567456789140124
30,0.010557110414956695
31,0.010914165364520159
32,0.010903540510917083
33,0.010893317394366022
34,0.010883096942852716
35,0.010872878495720216
36,0.010862661869032309
37,0.011220524066884537
38,0.01121003454842139
39,0.011199940704973415
40,0.01118985067412723
41,0.011179762692772783
42,0.011169676125282421
43,0.011528336747433058
44,0.011517983726225794
45,0.011508017057203689
46,0.011498053448740393
47,0.01148809221573174
48,0.011478134880308062
49,0.011837585651664994
50,0.011827364966738968
51,0.011817523434874602
52,0.011807683509541676
53,0.01179784681997262
54,0.01178801278991159
55,0.012148243717383593
56,0.012138158038142137
57,0.012128444100380876
58,0.0121187317679869
59,0.012109021199867129
60,0.012099313680664636
61,0.01246032000053674
62,0.012450362741365097
63,0.01244076967414003
64,0.012431179565610365
65,0.012421592735336162
66,0.012412007443490438
67,0.012773777533438987
68,0.012763950011576526
69,0.012754479162395001
70,0.012745009961072355
71,0.012735542937880382
72,0.012726078989799135
73,0.013088606846868061
74,0.013078908215393313
75,0.013069559065625071
76,0.013060212488053367
77,0.013050867515266873
78,0.013041524680447765
79,0.013404805213795043
80,0.013395236989017576
81,0.013386011468246578
82,0.01337678846262861
83,0.013367568561807274
84,0.013358350637718104
85,0.013722376525984147
86,0.013712934957584366
87,0.01370382817927748
88,0.013694724032538942
89,0.013685621739714406
90,0.013676522906753235
91,0.01404128426220268
92,0.014031967103364877
93,0.014022977118147538
94,0.01401398887799587
95,0.01400500265415758
96,0.013996018547331915
97,0.014361503081745467
98,0.014352308299858124
99,0.014343434855691157
100,0.014334563181037083
101,0.014325693902792409
102,0.014316826335852966
103,0.0146830323204631
104,0.014673962597735226
105,0.014665207107318565
106,0.014656454534851947
107,0.014647704945527949
108,0.014638956777052953
109,0.015005874612252229
110,0.014996923867729493
111,0.014988280566758477
112,0.014979639597586357
113,0.014971001414232887
114,0.014962365480605512
115,0.015329987658769823
116,0.015321156699210406
117,0.015312625736114568
118,0.015304096927284263
119,0.015295570025919004
120,0.015287045119330288
121,0.015655361292301676
122,0.015646647649118675
123,0.015638229134492577
124,0.01562981267052237
125,0.01562139852263499
126,0.015612986214109696
127,0.01598198904423043
128,0.015973393037565984
129,0.015965085437055677
130,0.015956779874395578
131,0.01594847648346331
132,0.01594017619616352
133,0.016309859849861823
134,0.016301375968032515
135,0.016293173066806048
136,0.01628497126104776
137,0.016276771641569213
138,0.01626857458264567
139,0.016638924452126957
140,0.01663055628712755
141,0.016622464584652333
142,0.016614375058561563
143,0.016606287920149045
144,0.016598201938322746
145,0.016969213742995634
146,0.016960956677794455
147,0.01695296855585184
148,0.016944983660359868
149,0.016937000697362238
150,0.016929020546958783
151,0.01730068784148898
152,0.01729254478123039
153,0.01728466449189
154,0.017276785514550284
155,0.01726890875142999
156,0.017261032906826585
157,0.01763334739836864
158,0.017625313183525577
159,0.017617536722682417
160,0.017609762334031984
161,0.017601989422691987
162,0.017594220115570353
163,0.01796717192279175
164,0.017959245739039034
165,0.017951570997247472
166,0.017943898605881258
167,0.017936227769823745
168,0.017928560647414996
169,0.018302143283654003
170,0.01829432325263042
171,0.01828674913092982
172,0.018279176260111853
173,0.01827160607557744
174,0.018264037251938134
175,0.018638236795086412
176,0.018630521787563338
177,0.018623046464053914
178,0.018615573849529027
179,0.018608103033620864
180,0.018600634932518005
181,0.018975449225399642
182,0.01896784134209156
183,0.018960467394208536
184,0.018953096340992487
185,0.018945726961246693
186,0.018938360357424244
187,0.01931377915374469
188,0.019306268650107084
189,0.01929898826230783
190,0.019291709131794052
191,0.019284431797568686
192,0.019277156258467584
193,0.019653168348013422
194,0.0196457627939526
195,0.019638582051848062
196,0.019631402760278433
197,0.01962422713113483
198,0.019617053406545893
199,0.019993656562874093
200,0.019986352486303077
201,0.019979266999289393
202,0.019972183303907515
203,0.019965100644621998
204,0.019958020261256024
205,0.020335202435962856
206,0.020327997365966438
207,0.020321005749283357
208,0.020314016288612038
209,0.020307029634714126
210,0.020300044612959027
211,0.020677797568496317
212,0.020670690048718826
213,0.020663789791287853
214,0.020656891056569295
215,0.020649994811974465
216,0.020643100383458658
217,0.021021416164003312
218,0.021014403416775167
219,0.02100759538123384
220,0.021000787399243562
221,0.020993981716455893
222,0.020987177160568537
223,0.021366045374888926
224,0.02135912808240391
225,0.02135240880539641
226,0.02134569125249982
227,0.02133897619904019
228,0.021332262490177528
229,0.02171167653403245
230,0.021704849280649797
231,0.021698214913485572
232,0.021691582333296537
233,0.021684951869538054
234,0.02167832370265387
235,0.022058274562004952
236,0.02205153941293247
237,0.022044993370072916
238,0.022038450289983302
239,0.02203190907370299
240,0.022025369668845086
1,17.21575274467468
2,10.189464917182923
3,3.005811929357005
4,0.29982285925390895
5,0.2994911506253993
6,0.29915978931763676
7,0.30024995324587506
8,0.2999102370144101
9,0.2995759856318909
10,0.2992421363786707
11,0.2989086301688076
12,0.29857549857362753
13,0.2996379488083767
14,0.29929622436349745
15,0.29895995829370803
16,0.29862407041655387
17,0.29828855775529517
18,0.2979534084536135
19,0.29898834027524573
20,0.298644612612552
21,0.2983063686534297
22,0.29796847762481776
23,0.297630966505385
24,0.2972938425105531
25,0.29830159846576865
26,0.2979560134347412
27,0.2976159046520479
28,0.29727616980206223
29,0.2969368245580699
30,0.2965978632355109
31,0.2975788229040336
32,0.29723152819147797
33,0.29688970970775697
34,0.2965483184176264
35,0.2962072956681368
36,0.29586663427849996
37,0.2968210890550836
38,0.2964720545672026
39,0.29612847780023005
40,0.2957852452255611
41,0.29544241581061215
42,0.2951000204367301
43,0.296028262481268
44,0.29567763100232697
45,0.295332510444714
46,0.2949877624900546
47,0.29464340514670767
48,0.29429943853676377
49,0.2952019349305192
50,0.2948496705485741
51,0.29450286157079975
52,0.2941565101902233
53,0.29381062610365916
54,0.2934650776098715
55,0.2943420769379009
56,0.2939885085931746
57,0.2936404040764319
58,0.2932926731824409
59,0.2929453350434778
60,0.2925984242570121
61,0.29345024582464246
62,0.2930950974818552
63,0.2927454189461423
64,0.29239610871125477
65,0.2920472238829825
66,0.291698769624345
67,0.29252575600345154
68,0.29216927633446177
69,0.2918183656624751
70,0.2914678649348207
71,0.2911177651997423
72,0.29076807768899016
73,0.2915706364478683
74,0.29121283716987817
75,0.29086054183950183
76,0.29050868766149507
77,0.29015728676633445
78,0.2898062741616741
79,0.29058459532854614
80,0.29022551551111975
81,0.2898719687160337
82,0.28951879059954083
83,0.2891659907565918
84,0.2888136691972613
85,0.28956813435652295
86,0.28920782831963154
87,0.2888529941457091
88,0.2884986084175762
89,0.28814463898597753
90,0.2877910839993274
91,0.28852208486408926
92,0.2881607732496923
93,0.2878050131647615
94,0.28744966586877124
95,0.2870947546005482
96,0.286740288787405
97,0.28744834835117217
98,0.28708602584840265
99,0.28672917110205165
100,0.28637278341164346
101,0.28601681579311844
102,0.2856612839887384
103,0.2863464512105566
104,0.28598314268921965
105,0.2856253998883767
106,0.2852680808183504
107,0.2849111592298141
108,0.28455465787730644
109,0.28521742890879975
110,0.28485327992937526
111,0.28449464948673264
112,0.2841364506119862
113,0.2837787392351311
114,0.28342147545539775
115,0.2840623099531513
116,0.28369744872441516
117,0.28333810016803906
118,0.2829792114777956
119,0.28262072467128746
120,0.28226269765611506
121,0.28288175707450136
122,0.28251591816107974
123,0.28215560063603334
124,0.28179577070404777
125,0.2814364254052634
126,0.28107748345180883
127,0.2816750733827939
128,0.2813086499561905
129,0.2809477670950582
130,0.2805873269273434
131,0.2802273044732283
132,0.27986772301839663
133,0.28044440171623136
134,0.2800773087622656
135,0.2797156970173819
136,0.27935455530925535
137,0.2789939210817101
138,0.27863370230494183
139,0.27918962384632323
140,0.27882199686428066
141,0.2784598942472076
142,0.2780982588996994
143,0.27773711876376184
144,0.2773763482569484
145,0.27791194979887224
146,0.2775438736002252
147,0.2771813328354619
148,0.2768191788299009
149,0.2764574731238827
150,0.2760962526770891
151,0.27661182260955686
152,0.27624310295213944
153,0.2758800295286346
154,0.2755173586696037
155,0.2751551520830253
156,0.2747933755570557
157,0.27528937671741005
158,0.2749204427143559
159,0.27455707292770964
160,0.2741943025967339
161,0.27383196776965635
162,0.27347000742214733
163,0.27394667466753164
164,0.2735773624561261
165,0.2732135648862459
166,0.2728501948749181
167,0.2724873543775175
168,0.2721249860338867
169,0.2725826571782818
170,0.27221308288921137
171,0.27184907853254114
172,0.27148547577846327
173,0.2711223495204467
174,0.2707597772934241
175,0.27119883701147046
176,0.2708290194702567
177,0.2704648295196239
178,0.2701011630520225
179,0.2697378797584679
180,0.26937503399327395
181,0.26979587112669834
182,0.2694260602956638
183,0.2690617617411772
184,0.26869795242673716
185,0.26833459390152714
186,0.2679716917948099
187,0.26837459136382674
188,0.2680046539765317
189,0.26764030309277587
190,0.2672764223511331
191,0.266913027720293
192,0.26655013784067705
193,0.2669354285992449
194,0.2665654217451811
195,0.2662009517819388
196,0.26583696357149167
197,0.26547338140837384
198,0.26511026357184164
199,0.26547818551014646
200,0.2651082792633679
201,0.26474392174568495
202,0.26438002308947034
203,0.2640165993827395
204,0.2636536269483622
205,0.2640047174063511
206,0.26363492678676265
207,0.2632707032863982
208,0.2629069748771144
209,0.26254372029507067
210,0.2621809847280383
211,0.2625155135442037
212,0.26214587627211583
213,0.2617818735941546
214,0.26141836001013874
215,0.26105529788765125
216,0.2606926626805216
217,0.26101099998923016
218,0.26064163736300544
219,0.26027780687203633
220,0.25991446981788613
221,0.25955160428013185
222,0.25918922222277613
223,0.25949154580477624
224,0.2591223786910996
225,0.25875875366386025
226,0.2583955933287507
227,0.25803290036215915
228,0.2576706836803351
229,0.2579574540560134
230,0.25758865134324876
231,0.2572253840812482
232,0.25686262468458154
233,0.2565003469021758
234,0.25613849983434195
235,0.25640984827477953
236,0.2560413267283002
237,0.2556783528457163
238,0.2553158469306072
239,0.2549538422503974
240,0.25459231042303143
1,81.82689270019532
2,74.0476235961914
3,65.39860500335693
4,56.74958660125733
5,48.10058246612549
6,39.451762924194334
7,30.808724422454834
8,22.15995481491089
9,13.511147508621216
10,4.8623390448093415
11,0.024289550085086375
12,0.00806511483475333
13,0.013973676943569444
14,0.013968500502523967
15,0.013968052286072634
16,0.013967604273348115
17,0.013967155972495674
18,0.01396670778573025
19,0.019872681848937646
20,0.0198670540456078
21,0.019866153486364054
22,0.01986525339540094
23,0.01986435348575469
24,0.019863453061843755
25,0.025765739995695185
26,0.025759507776529064
27,0.025758002456277608
28,0.02575649796810467
29,0.025754993121372537
30,0.025753488202462906
31,0.03165101810824126
32,0.03164403045724612
33,0.03164177089813165
34,0.0316395115153864
35,0.03163725129386876
36,0.03163499232847244
37,0.037526701209717434
38,0.03751880842261016
39,0.037515644105733374
40,0.037512480248697105
41,0.03750931583868805
42,0.03750615218188614
43,0.04339097053103615
44,0.04338201055303216
45,0.04337777770648245
46,0.04337354578776285
47,0.04336931417259621
48,0.043365082712552974
49,0.04924193199869478
50,0.04923174995783484
51,0.04922629576904001
52,0.04922084245336009
53,0.04921539014350856
54,0.04920993730047485
55,0.05507775965874316
56,0.055066228322393725
57,0.05505942578340182
58,0.05505262407794362
59,0.05504582343652146
60,0.05503902366821421
61,0.06089677577954717
62,0.06088373598933686
63,0.060875424803234636
64,0.06086711448268033
65,0.06085880537051708
66,0.06085049694520421
67,0.06669715363357681
68,0.06668246069923044
69,0.06667249722755514
70,0.06666253399569541
71,0.06665257120446767
72,0.06664261150057428
73,0.07247711183736101
74,0.07246060615056195
75,0.07244883025530725
76,0.07243705637287348
77,0.07242528465692885
78,0.07241351312259212
79,0.07823483067913913
80,0.07821640554466285
81,0.07820271170930937
82,0.0781890257098712
83,0.07817534100729973
84,0.07816166479489767
85,0.08396881471737289
86,0.08394829545286484
87,0.08393250436405651
88,0.08391671699588187
89,0.08390093651134521
90,0.0838851646031253
91,0.0896771224681288
92,0.08965439895982855
93,0.08963640602538363
94,0.08961841530282982
95,0.08960042596794665
96,0.0895824429683853
97,0.09535819926299155
98,0.09533307239064015
99,0.09531267641112208
100,0.09529228427563793
101,0.09527189768152311
102,0.09525151174631902
103,0.10101006269396748
104,0.10098244386201259
105,0.10095955643279013
106,0.10093667377426754
107,0.10091380424040836
108,0.10089094170311
109,0.10663131955487187
110,0.10660106942930725
111,0.10657555378216785
112,0.10655004532716703
113,0.10652454532391857
114,0.10649905308266171
115,0.11222027620358858
116,0.11218724508595188
117,0.11215894762019162
118,0.11213065670861397
119,0.11210237188090105
120,0.1120740986900637
121,0.11777522608463187
122,0.11773932751326356
123,0.11770816559961532
124,0.11767701561620925
125,0.11764587304380257
126,0.11761474307219032
127,0.12329480795131531
128,0.12325583769066725
129,0.12322161524847615
130,0.12318741188908461
131,0.12315321964968462
132,0.12311904438829516
133,0.12877711759472732
134,0.12873500124085693
135,0.12869763592956587
136,0.12866028154676315
137,0.12862293996324298
138,0.1285856212087674
139,0.13422079219191801
140,0.1341754164354643
141,0.13413478268717882
142,0.13409416066191626
143,0.1340535579615971
144,0.13401296599011403
145,0.13962433749518824
146,0.13957558733352926
147,0.1395315828867024
148,0.13948759450751821
149,0.13944361726229546
150,0.13939965106605087
151,0.1449863250675844
152,0.14493405864515807
153,0.14488654226006475
154,0.14483903831278439
155,0.14479154965258204
156,0.14474407654139212
157,0.15030517953739037
158,0.15024931293330154
159,0.15019820708141196
160,0.15014711857307703
161,0.1500960494746687
162,0.15004499999457038
163,0.15557967851578725
164,0.15552007678197696
165,0.15546522299817297
166,0.1554103945591487
167,0.15535558644274716
168,0.15530079547083006
169,0.16080819178838282
170,0.16074470229330473
171,0.16068599071237258
172,0.16062732410850003
173,0.16056867643492295
174,0.1605100486415904
175,0.16598933209781536
176,0.16592190728057177
177,0.16585926393629052
178,0.16579664365388452
179,0.16573405101546088
180,0.16567148489295505
181,0.1711218318832107
182,0.17105038437526673
183,0.1709836987045128
184,0.1709170588350389
185,0.1708504505478777
186,0.17078387261368333
187,0.17620454208226874
188,0.1761289484973531
189,0.17605811003479174
190,0.17598730871803128
191,0.17591654557036235
192,0.17584582016221248
193,0.18123600046150387
194,0.18115617183269933
195,0.18108110839501024
196,0.18100608480744995
197,0.18093108610715716
198,0.18085612094961107
199,0.18621502574998886
200,0.18613087494391947
201,0.1860514884791337
202,0.18597216161084362
203,0.18589289230876602
204,0.18581365505466238
205,0.19114058181410656
206,0.19105201564379967
207,0.19096822055755183
208,0.19088447564281524
209,0.19080077156890185
210,0.19071711499476807
211,0.19601139921694993
212,0.19591841582616326
213,0.19583019216544925
214,0.19574200513830875
215,0.19565386003581808
216,0.19556577172421385
217,0.2008266211231239
218,0.20072898475977127
219,0.20063612036348785
220,0.2005433205916779
221,0.2004505767475348
222,0.20035787494853138
223,0.20558458534185775
224,0.20548222894547508
225,0.20538467137957922
226,0.2052871812880039
227,0.2051897595275659
228,0.20509239812847227
229,0.2102843174908776
230,0.21017726133868564
231,0.21007497624785174
232,0.20997274561144877
233,0.20987056812271476
234,0.20976844753604382
235,0.2149249213701114
236,0.21481311715440823
237,0.21470610945951193
238,0.21459915418410674
239,0.21449226894415915
240,0.21438544942007864
