1,0.458462719283998
2,0.2902154563413933
3,0.2822803671704605
4,0.2757941970834509
5,0.269585884809494
6,0.2638102204701863
1,0.6058814873546362
2,0.5926937877945602
3,0.572617899775505
4,0.55628865391016
5,0.5420068512670696
6,0.5295275005511939
1,0.8921901638433337
2,0.7514716193079949
3,0.709303943477571
4,0.6716942989826202
5,0.639290485046804
6,0.6113661181926727
1,0.7838480925559997
2,0.7419472759589553
3,0.7014326770231127
4,0.6684385516867042
5,0.6414737568981945
6,0.6191998573020101
1,0.4659138185251504
2,0.4418327870732173
3,0.4246628857171163
4,0.4088800386339426
5,0.3949149568937719
6,0.3826478654146194
1,0.9350874013081193
2,0.888692512884736
3,0.8381448946148157
4,0.7962763001769781
5,0.7619806319475174
6,0.7340706732869148
1,0.9149199926108121
2,0.8501301538199186
3,0.8032099083065987
4,0.7646976482868194
5,0.7331399799883366
6,0.7072139649093151
1,0.691393326818943
2,0.5243438982218503
3,0.5052580270171165
4,0.48681935541331767
5,0.46960608936846254
6,0.4535235219448805
1,0.6045452646911145
2,0.5615194006636739
3,0.529921601973474
4,0.5020032438077032
5,0.47698587413877247
6,0.45442606435157357
1,0.43412831706926225
2,0.3952009595930576
3,0.3719641564087942
4,0.3553859599970747
5,0.3433322538016364
6,0.3322630777023733
1,0.8694450799375772
2,0.811906184181571
3,0.7691913510113955
4,0.7339092058688402
5,0.7048947954922915
6,0.6810486887767911
1,0.9247807233780623
2,0.686229649707675
3,0.6562130811810494
4,0.6337625303864479
5,0.6155076725780964
6,0.5999451768398285
1,0.8986925031989813
2,0.827208442389965
3,0.7774073695391417
4,0.73756014123559
5,0.7054811273515225
6,0.6793529657274484
1,0.5990093933045864
2,0.5559167007170618
3,0.526167581807822
4,0.5037936349399388
5,0.48511545369401576
6,0.4694824242778122
1,0.8010466548800469
2,0.7264530286192894
3,0.676277282088995
4,0.6376701694726944
5,0.6077283900231123
6,0.5840879501774907
1,0.7236151190288365
2,0.5863148153759539
3,0.5639803094416856
4,0.5442697475943714
5,0.5286409589275718
6,0.5183303630538285
1,0.8927384190261364
2,0.8181053284555674
3,0.7701054077595473
4,0.731901162341237
5,0.701802371814847
6,0.6782482613623142
1,0.6131097388640047
2,0.5025639216601848
3,0.48349234741181135
4,0.46709618624299765
5,0.45297667291015387
6,0.4408523922227323
1,0.22759320750134066
2,0.21466429416439495
3,0.20702975998749026
4,0.20017060109181328
5,0.19374594256049021
6,0.18771748380735517
1,0.8687125689536334
2,0.8042267056554556
3,0.7544943961501122
4,0.7142251513153315
5,0.6815621072798967
6,0.6548973226547241
1,0.5218683287501336
2,0.4289372953772545
3,0.40420963123440745
4,0.3815787214785814
5,0.36082400131970643
6,0.34177588757127525
1,0.30514658231288194
2,0.15677574303001166
3,0.1374749638896901
4,0.13081728954653954
5,0.1256121666362742
6,0.12074609370960389
1,0.46104488588869574
2,0.2930042730271816
3,0.2810570665821433
4,0.2700381426885724
5,0.25909343879669905
6,0.24822502953931688
1,0.3222661753091961
2,0.29188677148427816
3,0.2805575603316538
4,0.273599856023211
5,0.2674505406105891
6,0.26196939336834474
1,1.0114755371585489
2,0.8385319067537784
3,0.7775350019335747
4,0.7254308311641217
5,0.6810654576122761
6,0.6434669648110867
1,0.737203498892486
2,0.5852948701754213
3,0.5577938845008612
4,0.5323128594458103
5,0.5090607831627131
6,0.48888305355794726
1,0.6207521424442529
2,0.43860559731721876
3,0.42265380043536427
4,0.4082535881921649
5,0.39443797823041676
6,0.38110528282821177
1,0.9631922129914164
2,0.7650059855729342
3,0.7251358957588673
4,0.6918786267191172
5,0.6634870680421591
6,0.6391186341270805
1,0.8394321613013744
2,0.7220703358761966
3,0.6839056432247161
4,0.6506044631451369
5,0.6221911483630538
6,0.5981181049346924
1,0.5425806565256789
2,0.5126771738752722
3,0.4885677012242377
4,0.46746554248034955
5,0.44891608292236923
6,0.4326180335786194
1,1.2774696268513799
2,0.8860392425209284
3,0.826264760196209
4,0.7804743348807096
5,0.7450236976891756
6,0.7173216290026904
1,0.7879487267136573
2,0.776432968787849
3,0.7339130790904165
4,0.6968232586234808
5,0.6646924322471023
6,0.6367831344902516
7,0.612451106980443
8,0.5911432535573841
9,0.572382238805294
10,0.5557554425299167
11,0.5411913545429706
12,0.5321593440324068
13,0.5256690557859838
14,0.5201853073202074
15,0.5155320898629725
16,0.5115649682097136
17,0.508165949434042
18,0.5052388128452003
19,0.5027051472663879
20,0.5005008125863969
21,0.49857348799705503
22,0.4968801768682897
23,0.49538549127057196
24,0.4940601670183241
25,0.4928799910843372
26,0.4918246218562126
27,0.49087717588990926
28,0.4900234323181212
29,0.48925137624144555
30,0.48855082612484696
31,0.48791316863149403
32,0.4873308755643666
33,0.48679765505716205
34,0.48630802366882564
35,0.4858572410233319
36,0.4854411987215281
37,0.4850563751347363
38,0.4846995043195784
39,0.48436790419742465
40,0.48405915474519134
41,0.4837711245752871
42,0.48350190712139013
43,0.4832498948648572
44,0.4830134555324912
45,0.4827913191355765
46,0.4825822841376066
47,0.4823852663859725
48,0.4821993119083345
49,0.48202360251918436
50,0.4818572071008384
51,0.48169948179274796
52,0.48154977820813655
53,0.48140749903395774
54,0.481272103395313
55,0.48114317933097484
56,0.48102010730654
57,0.4809025716036558
58,0.4807901809550822
59,0.4806825896166265
60,0.4805794674344361
61,0.48048060581088065
62,0.48038556599989535
63,0.48029418766498566
64,0.48020622494630516
65,0.4801214690692723
66,0.48003971504047516
67,0.47996086832135915
68,0.47988457495346665
69,0.4798107713833451
70,0.47973929610103366
71,0.4796700172312558
72,0.47960280868224797
73,0.4795376338064671
74,0.47947419513948264
75,0.47941248861141506
76,0.479352412680164
77,0.47929387127049267
78,0.4792367725726217
79,0.4791811364982277
80,0.47912669940851627
81,0.4790734891500324
82,0.4790214306395501
83,0.47897046158090234
84,0.4789205271843821
85,0.4788716678880155
86,0.47882363488897683
87,0.4787764812912792
88,0.47873016487807035
89,0.47868462823331354
90,0.47863984532654286
91,0.47859586552716793
92,0.47855246022343634
93,0.47850969597697257
94,0.4784675393626094
95,0.47842595787718895
96,0.4783849221561104
97,0.4783445199113339
98,0.4783044958114624
99,0.47826495178975165
100,0.4782258573360741
101,0.4781871847715229
102,0.4781489265523851
103,0.4781111569236964
104,0.4780736398510635
105,0.47803651438094674
106,0.4779999062139541
107,0.47796367859467864
108,0.4779277554526925
109,0.4778922375384718
110,0.477856887858361
111,0.47782180171459915
112,0.47778697004541754
113,0.4777523834072053
114,0.47771803264506163
115,0.47768401393666865
116,0.4776500906143337
117,0.4776163805183023
118,0.4775828589592129
119,0.47754952931776645
120,0.47751638378016653
121,0.47748350898735226
122,0.4774506959784776
123,0.47741804344579575
124,0.47738554189912974
125,0.4773531946260482
126,0.47732098296284675
127,0.4772890075482428
128,0.47725705871358515
129,0.4772252418845892
130,0.47719354486092924
131,0.4771619663573802
132,0.47713049584068357
133,0.4770992514397949
134,0.47706799090839924
135,0.4770368388667703
136,0.4770057860575616
137,0.47697482656687495
138,0.4769439577590674
139,0.47691329358145595
140,0.47688259023241697
141,0.4768519823998213
142,0.4768214507494122
143,0.47679099976085126
144,0.4767606278602034
145,0.4767304330505431
146,0.47670019255019724
147,0.47667003303766253
148,0.4766399445384741
149,0.4766099175903946
150,0.47657995344139636
151,0.4765501542109996
152,0.4765203106030822
153,0.4764905324112624
154,0.47646080888807774
155,0.47643114551901816
156,0.47640153888612985
157,0.47637209326028823
158,0.4763425926491618
159,0.4763131384458393
160,0.47628374231047926
161,0.4762543902359903
162,0.47622509361244736
163,0.4761959478165954
164,0.4761667349096388
165,0.4761375798843801
166,0.4761084648873657
167,0.47607939280569556
168,0.47605036676861345
169,0.47602149900048973
170,0.4759925586730242
171,0.47596365747042
172,0.4759348029270768
173,0.4759059800952673
174,0.4758772093337029
175,0.47584858746267855
176,0.4758198882173747
177,0.4757912245206535
178,0.4757626043725759
179,0.4757340217381716
180,0.47570547777228056
181,0.47567707392387093
182,0.4756485893856734
183,0.4756201567221433
184,0.4755917567014694
185,0.4755633903760463
186,0.47553505991585554
187,0.4755068686697632
188,0.47547860112041235
189,0.47545037702657283
190,0.4754221859201789
191,0.47539402889087795
192,0.4753658986557275
193,0.4753379199001938
194,0.47530985723249614
195,0.47528182894922794
196,0.47525383458472786
197,0.47522587176412345
198,0.4751979331113398
199,0.47517015658318995
200,0.47514228643849493
201,0.47511444598436353
202,0.4750866413861513
203,0.47505887075327335
204,0.475031124856323
205,0.4750035212561488
206,0.4749758318811655
207,0.47494818273000416
208,0.47492055989801885
209,0.47489296857267616
210,0.4748654123861343
211,0.4748379842378199
212,0.4748104771692306
213,0.47478301158174874
214,0.47475556781515477
215,0.47472815747372804
216,0.4747007763572037
217,0.4746735391020775
218,0.4746462114341557
219,0.4746189189516008
220,0.4745916534587741
221,0.47456441319547593
222,0.47453720529563725
223,0.47451014106161893
224,0.47448299105279146
225,0.4744558734446764
226,0.47442877989262344
227,0.4744017147738486
228,0.4743746818229556
229,0.4743477822374553
230,0.4743207955546677
231,0.4742938473261893
232,0.4742669222410768
233,0.47424003285355865
234,0.4742131647840142
235,0.4741864430624992
236,0.4741596285160631
237,0.47413284406997264
238,0.4741060897242278
239,0.4740793647337705
240,0.47405266952700914
1,0.9083677049726248
2,0.46971286565065384
3,0.4473407822102308
4,0.42712693486362696
5,0.4078532987087965
6,0.3894091868586838
7,0.37173806099221113
8,0.35479004150256516
9,0.3399848194420338
10,0.3316718380060047
11,0.32455364520661534
12,0.3179767361236736
13,0.3118998178001493
14,0.3062828069878742
15,0.30108841363340616
16,0.29628135594073685
17,0.2918286730721593
18,0.28769978307187555
19,0.28386670546606185
20,0.2803030571062118
21,0.2769853983120993
22,0.27389218418858946
23,0.2710038420325145
24,0.2683026447053999
25,0.2657727985223755
26,0.2633993654884398
27,0.26116950511932374
28,0.25907142012845724
29,0.2570944695873186
30,0.25522903105942535
31,0.25346666274126617
32,0.2517990056890994
33,0.25021917356643825
34,0.24872070856625214
35,0.24729773306520655
36,0.24594490139978006
37,0.2446575821726583
38,0.24343085321597754
39,0.24226088578696361
40,0.241143961166963
41,0.24007665277225898
42,0.2390558368177153
43,0.2380788679094985
44,0.23714259185595438
45,0.23624480140744708
46,0.2353832275327295
47,0.2345557698502671
48,0.2337604832201032
49,0.23299580541672185
50,0.23225958178169093
51,0.2315504818240879
52,0.23086706120870076
53,0.23020796169003005
54,0.22957192138419485
55,0.22895799750112927
56,0.22836461816274095
57,0.2277909703401383
58,0.2272361012879992
59,0.2266990980866831
60,0.22617910526925697
61,0.22567556972964667
62,0.22518725638947218
63,0.22471369401377161
64,0.22425421612220817
65,0.22380820195830892
66,0.2233750520637841
67,0.22295445443392964
68,0.22254540396563244
69,0.22214763022901024
70,0.22176066916930723
71,0.2213840768794762
72,0.22101743277162314
73,0.22066057323361746
74,0.2203126421466004
75,0.21997351828846148
76,0.21964286129106766
77,0.21932035312143852
78,0.2190056807079236
79,0.2186987980848062
80,0.21839893955970183
81,0.21810608228115597
82,0.21781998392019886
1,0.6827848214283585
2,0.6489481052383781
3,0.6190529084950686
4,0.592711619772017
5,0.5694789070636034
6,0.5489251469261944
1,0.7826781371235847
2,0.7084137112647295
3,0.6715190036222338
4,0.6396834005787969
5,0.6120003481395543
6,0.5877507115155458
1,0.8422907949984073
2,0.8109001158177853
3,0.7804951076954603
4,0.7543251908197999
5,0.7318768543750047
6,0.7126458745449782
1,0.48843159072101117
2,0.4375877146050334
3,0.4136401880159974
4,0.3897025658376515
5,0.3672622254490852
6,0.34636188260279593
7,0.3272061498276889
8,0.3147940274234861
9,0.30544426686596127
10,0.2971001533791423
11,0.28964664876461027
12,0.28297915041912347
13,0.2770047166896984
14,0.27163576673949136
15,0.266798366480507
16,0.2624258835357614
17,0.25845970259746537
18,0.25484860558295624
19,0.25154953047516754
20,0.24852095387643203
21,0.24573102811002173
22,0.24315109618124553
23,0.2407564934482798
24,0.23852602491097058
25,0.23644292896729893
26,0.23448855367372745
27,0.23265077809162904
28,0.23091789199446794
29,0.22927971732977312
30,0.2277273916330887
31,0.2262546526658116
32,0.22485175844398328
33,0.22351417165366003
34,0.22223661852389343
35,0.22101440687692958
36,0.21984335384389853
37,0.21872120346757584
38,0.2176416527868423
39,0.2166031148035836
40,0.21560288036678685
41,0.21463847138817072
42,0.21370762998398277
43,0.2128097907353367
44,0.2119401315464347
45,0.2110983602050692
46,0.21028292666414927
47,0.20949236950989872
48,0.20872534570735296
49,0.20798209144770227
50,0.20725851723786037
51,0.20655499214393785
52,0.2058705482115329
53,0.20520425358547073
54,0.20455525995181234
55,0.20392423220793718
56,0.2033074849816694
57,0.20270575063790602
58,0.20211839411338586
59,0.20154479466797057
60,0.20098437786353315
61,0.2004380685036813
62,0.19990242411691725
63,0.19937839172565874
64,0.198865540299812
65,0.1983634364702084
66,0.19787167484651946
67,0.19739135053985593
68,0.19691916213108926
69,0.1964562049102642
70,0.19600217289469582
71,0.19555675003790385
72,0.19511964572444412
73,0.1946920627983127
74,0.19427079744378717
75,0.19385703241032387
76,0.19345054374110987
77,0.19305111187908552
78,0.1926585114278714
79,0.19227400760384625
80,0.19189448192672898
81,0.19152116184334772
82,0.19115390003670654
83,0.19079251664196817
84,0.19043684823100193
85,0.19008820528764772
86,0.18974350784477792
87,0.18940404627049248
88,0.18906969689784092
89,0.1887403255420577
90,0.1884158020495579
91,0.1880974807870416
92,0.18778230924314357
93,0.1874716060232504
94,0.18716528466014096
95,0.18686323122007706
96,0.18656534864280275
97,0.18627300743468822
98,0.18598319083463594
99,0.18569723757881093
100,0.18541507477547384
101,0.18513661960413855
102,0.18486178922476937
103,0.18459197354148274
104,0.18432417468389758
105,0.18405974548862558
106,0.18379863615728026
107,0.18354077465522095
108,0.18328609370461207
109,0.18303599956022026
110,0.182787504495941
111,0.18254197823839832
112,0.18229937783406058
113,0.18205965010691672
114,0.18182273244455702
115,0.18159004512488194
116,0.1813586147265869
117,0.181129814760439
118,0.18090361853111914
119,0.18067997584698786
120,0.18045883942289664
121,0.1802416288703421
122,0.1800253887067697
123,0.17981149716660297
124,0.1795999318897009
125,0.1793906556708157
126,0.17918362700518742
127,0.1789802650530794
128,0.17877763122290047
129,0.17857710315744726
130,0.17837867261002202
131,0.17818229620164175
132,0.1779879463810147
133,0.1777970466549982
134,0.1776066648723514
135,0.17741818561449577
136,0.17723159603549504
137,0.17704686994284657
138,0.1768639728131984
139,0.17668434109067163
140,0.17650504334281605
141,0.1763274682319229
142,0.17615161289273715
143,0.17597744568827012
144,0.17580494386687862
145,0.17563554395219286
146,0.1754663150345425
147,0.17529865702838834
148,0.17513256712441602
149,0.17496801305251894
150,0.17480498033314235
151,0.17464490571552688
152,0.17448486608401936
153,0.17432625637981913
154,0.17416907663678102
155,0.1740133092764563
156,0.173858932968933
157,0.17370737939304035
158,0.17355574587061595
159,0.17340542220471092
160,0.17325641016757914
161,0.17310869788739525
162,0.17296225796771636
163,0.1728185315980113
164,0.17267461428102251
165,0.17253190138691707
166,0.17239039743613374
167,0.17225008101939238
168,0.1721109447234244
169,0.17197441723097198
170,0.1718376039856662
171,0.17170190060846152
172,0.1715673114572769
173,0.17143382125372228
174,0.17130141879883468
175,0.17117153711894617
176,0.17104128305168387
177,0.17091205125635497
178,0.17078385132749418
179,0.17065666606437163
180,0.17053048833614184
181,0.17040675137882544
182,0.170282566514104
183,0.17015932896228378
184,0.1700370441989935
185,0.1699157035087751
186,0.16979529737632673
187,0.16967725263417152
188,0.16955869580723174
189,0.16944101669559586
190,0.16932422547267834
191,0.16920831098578218
192,0.16909326150230528
193,0.16898051180555967
194,0.16886718973100187
195,0.16875467772205638
196,0.16864299391953863
197,0.16853212579082766
198,0.16842206629097972
199,0.16831424287530353
200,0.16820579008779987
201,0.16809809494272485
202,0.16799117241473369
203,0.1678850123275629
204,0.16777960225096877
205,0.1676763742195567
206,0.16757246478384785
207,0.16746926749590102
208,0.16736678749669182
209,0.16726502237928342
210,0.1671639590074369
211,0.16706502664252867
212,0.16696537087067098
213,0.1668663746514244
214,0.16676805135771475
215,0.16667039588407306
216,0.16657339985197495
217,0.16647848472216992
218,0.166382811135868
219,0.16628775043115637
220,0.16619332418474186
221,0.16609952009101106
222,0.16600633620751523
223,0.16591519385367293
224,0.16582325179813323
225,0.1657318848128898
226,0.16564111048671293
227,0.16555092704805474
228,0.16546132101801503
229,0.1653737224837323
230,0.16528528184162952
231,0.16519738737442366
232,0.1651100515117878
233,0.16502326342747436
234,0.16493702595703325
235,0.16485275067440397
236,0.1647676108175392
237,0.16468298172712367
238,0.16459887501626327
239,0.164515292239862
240,0.16443222284925013
1,0.6529986138641835
2,0.6219075161218643
3,0.588931720815599
4,0.5590628031641245
5,0.5324604061618448
6,0.5094235246255994
7,0.4933996181935072
8,0.48025883216410875
9,0.4688699197396636
10,0.4589544192701578
11,0.45027660673484204
12,0.4426391741447151
13,0.43587853519245984
14,0.4298583269678056
15,0.4244669057428837
16,0.4196117913350463
17,0.41521649710834024
18,0.4112176113948226
19,0.4075627651903778
20,0.4042071714997292
21,0.4011142437718809
22,0.39825282244943083
23,0.39559653559699653
24,0.3931229148153216
25,0.390813094638288
26,0.38864981081336736
27,0.3866191309131682
28,0.38470863736234606
29,0.382907488681376
30,0.3812061764765531
31,0.37959668616764247
32,0.3780708662420511
33,0.37662250120192764
34,0.3752456992864609
35,0.3739352051354945
36,0.37268627755809575
37,0.3714950152579695
38,0.3703568172873929
39,0.36926853970624507
40,0.368226998494938
41,0.3672292611980811
42,0.36627267274539915
43,0.36535514587536455
44,0.36447369918692857
45,0.3636266108881682
46,0.36281197774223983
47,0.36202801937703044
48,0.3612730904482305
49,0.36054604191798717
50,0.3598447017883882
51,0.3591681301221252
52,0.3585150843067095
53,0.3578844176139683
54,0.3572750464803539
55,0.35668634199071675
56,0.35611661054892463
57,0.3555653271707706
58,0.3550316634704359
59,0.3545148412254639
60,0.35401411042548714
61,0.35352914221584797
62,0.3530585500178859
63,0.3526020842813887
64,0.3521591498120688
65,0.3517291947477497
66,0.3513116999226622
67,0.35090653352206574
68,0.3505124806985259
69,0.35012946762144564
70,0.3497570711676963
71,0.3493948836950585
72,0.3490425352961756
73,0.34870001790113747
74,0.3483662507496774
75,0.34804126858944073
76,0.34772476193495094
77,0.34741642520064486
78,0.3471159814321436
79,0.3468235254753381
80,0.3465380520245526
81,0.3462596796511207
82,0.3459881743462756
83,0.34572330661816525
84,0.34546486235572954
85,0.3452130006172229
86,0.3449667776073329
87,0.3447263787256088
88,0.3444916134909727
89,0.3442623124876991
90,0.34403830155497417
91,0.34381979508092625
92,0.34360589349176734
93,0.3433968085795641
94,0.3431924064690247
95,0.3429925491125323
96,0.3427970970689785
97,0.3426063056406565
98,0.34241929461015386
99,0.34223632611799987
100,0.34205728356842885
101,0.3418820591934491
102,0.34171054577222093
103,0.3415430108970031
104,0.3413786140386946
105,0.34121763106784786
106,0.3410599625878967
107,0.3409055339579936
108,0.3407542546465993
109,0.34060641193413177
110,0.34046118150698024
111,0.3403188566653989
112,0.3401793679571711
113,0.3400426360045094
114,0.3399086007708684
115,0.3397775628452655
116,0.339648706112057
117,0.3395223461696878
118,0.3393984218291007
119,0.3392768679285655
120,0.33915763338969557
121,0.339041037959978
122,0.3389262731798226
123,0.33881365837703925
124,0.3387031469208887
125,0.3385946956818225
126,0.33848824951564893
127,0.33838413777644744
128,0.33828157000418285
129,0.3381808669888414
130,0.3380819969729055
131,0.3379849129897775
132,0.33788958018354603
133,0.3377963300398551
134,0.3377043755917111
135,0.33761405529920013
136,0.33752532746526415
137,0.33743816610833166
138,0.3373525340016931
139,0.3372687741892878
140,0.33718610521871595
141,0.3371048701647669
142,0.33702503235894254
143,0.3369465738226427
144,0.3368694561661687
145,0.33679403849178924
146,0.3367195256310515
147,0.3366462767339544
148,0.336574268907425
149,0.33650346780545076
150,0.33643385718227364
151,0.33636578446428755
152,0.33629847756994424
153,0.3362322835798841
154,0.3361671861691866
155,0.33610316217527725
156,0.3360401900584111
157,0.33597863010887524
158,0.33591769806051164
159,0.3358577601244906
160,0.3357987914053956
161,0.33574077966623006
162,0.3356836999056395
163,0.33562792333657854
164,0.335572662045015
165,0.33551828130555805
166,0.33546476807037834
167,0.33541210574039726
168,0.3353602780861547
169,0.3353096477111103
170,0.33525944168563
171,0.3352100262127351
172,0.33516137865895873
173,0.3351134960842319
174,0.33506635612284297
175,0.3350203321489971
176,0.3349746430455707
177,0.3349296640168177
178,0.3348853770212736
179,0.33484177544771226
180,0.3347988359676674
181,0.33475693612766916
182,0.33471530438255287
183,0.3346743058797438
184,0.33463392935518643
185,0.33459416275291004
186,0.33455499958217844
187,0.33451681560633006
188,0.33447882281267083
189,0.3344414020137629
190,0.33440454576164486
191,0.3343682350224117
192,0.33433246882836104
193,0.3342976188866305
194,0.33426291192154167
195,0.33422871539951304
196,0.3341950275670388
197,0.3341618383603054
198,0.3341291373845888
199,0.33409729946375594
200,0.33406555196590487
201,0.3340342745016096
202,0.3340034500267939
203,0.3339730766863795
204,0.3339431448536925
205,0.3339140307583148
206,0.3338849654939258
207,0.33385631715646014
208,0.3338280897005461
209,0.33380026352591813
210,0.33377284396090545
211,0.33374620403978045
212,0.3337195663221064
213,0.33369331203983166
214,0.33366742918180536
215,0.3336419179441873
216,0.3336167711534654
217,0.3335923760055448
218,0.33356794119608824
219,0.33354385567712597
220,0.33352010840462754
221,0.33349670048279223
222,0.3334736261665239
223,0.3334512597930734
224,0.3334288287849631
225,0.3334067138039973
226,0.3333849146630382
227,0.33336341443064155
228,0.33334222043748013
229,0.33332171107671454
230,0.33330110712791794
231,0.3332807879312895
232,0.33326075452961956
233,0.33324100096244363
234,0.3332215221624938
235,0.3332026991870953
236,0.3331837600067956
237,0.3331650812132284
238,0.3331466629076749
239,0.33312849924172044
240,0.33311058411985867
1,0.5123054175823927
2,0.47006999880075456
3,0.45349062598310413
4,0.4419838682282716
5,0.43425612545572223
6,0.42747132991440595
7,0.42149585627950725
8,0.4162112339772284
9,0.4115208920929581
10,0.40734200640581547
11,0.4036045255791396
12,0.4002491778414696
13,0.39722716430202126
14,0.3944930854300037
15,0.39201210097409783
16,0.3897533345175907
17,0.38769036044366656
18,0.3858005378767848
19,0.3840657610213384
20,0.38246647036168724
21,0.3809895072830841
22,0.3796222363878041
23,0.3783536422159523
24,0.3771741044893861
25,0.37607654108665883
26,0.37505082064308226
27,0.3740917434776202
28,0.3731935002747923
29,0.3723509349906817
30,0.37155946633778514
31,0.37081629373133185
32,0.3701150950975716
33,0.36945390168810266
34,0.36882972487714144
35,0.3682398746628314
36,0.36768190782284366
37,0.3671549128252082
38,0.3666542816837318
39,0.366179466068279
40,0.3657287982129492
41,0.3653007268253714
42,0.3648938469891436
43,0.3645081251254305
44,0.3641398086445406
45,0.3637890919856727
46,0.3634549197787419
47,0.36313636956503614
48,0.36283255346119403
49,0.3625438984832726
50,0.3622671436308883
51,0.3620028370502405
52,0.3617503203917295
53,0.36150897150160743
54,0.3612782171112485
55,0.3610587268671952
56,0.36084755199495705
57,0.36064545361790806
58,0.36045196475228297
59,0.36026668364414943
60,0.3600891965837218
61,0.35992034124210476
62,0.3597573567042127
63,0.35960112023865803
64,0.3594513223087415
65,0.3593076587934047
66,0.3591698502702638
67,0.3590388052468188
68,0.35891191520961
69,0.35879013646394015
70,0.3586732305586338
71,0.35856099090073257
72,0.35845320580760015
73,0.3583508384320885
74,0.3582513911090791
75,0.3581558570242487
76,0.35806406537303703
77,0.3579758590646088
78,0.3578910786868073
79,0.35781072022160515
80,0.35773237961344423
81,0.3576570640481077
82,0.3575846492452547
83,0.35751501195365565
84,0.35744804428424687
85,0.35738473902922124
86,0.3573227798566222
87,0.35726317899534477
88,0.3572058438253589
89,0.3571506801992655
90,0.35709760753903536
91,0.35704762721434236
92,0.35699847143841906
93,0.356951176415896
94,0.35690566459554246
95,0.35686185456230307
96,0.35681969462893903
97,0.3567801804980263
98,0.3567411064822227
99,0.3567035014030989
100,0.35666731150471603
101,0.35663246356067246
102,0.35659891764866186
103,0.3565676701569464
104,0.35653657136834227
105,0.35650664268992843
106,0.3564778288407251
107,0.356450091637671
108,0.3564233777706977
109,0.3563986885303166
110,0.3563739287329372
111,0.3563500961696263
112,0.35632714825333095
113,0.3563050636916887
114,0.3562838017032482
115,0.3562643268168904
116,0.35624461766914467
117,0.35622565252939237
118,0.35620739257428796
119,0.35618981654406523
120,0.35617290303111077
121,0.35615759770502337
122,0.3561419214308262
123,0.35612683880724944
124,0.35611232727998865
125,0.3560983675078023
126,0.3560849275556393
127,0.3560729568905663
128,0.3560605177376419
129,0.35604854818899184
130,0.35603704195702446
131,0.3560259706573561
132,0.35601532643078826
133,0.35600603061844593
134,0.35599617798114197
135,0.355986716512125
136,0.35597761428216473
137,0.35596887188148685
138,0.3559604674228467
139,0.3559533097082749
140,0.3559455472917762
141,0.35593808419420386
142,0.3559309242432937
143,0.35592404733994043
144,0.3559174433187582
145,0.35591199565911663
146,0.355905902357772
147,0.35590005757287146
148,0.35589445125428026
149,0.35588907397934233
150,0.35588391751865855
151,0.3558798460580874
152,0.3558750969811808
153,0.3558705442456994
154,0.35586619007517584
155,0.35586201678379437
156,0.3558580199419521
157,0.35585505066788753
158,0.3558513797097839
159,0.3558478680625558
160,0.3558445139520336
161,0.355841304367641
162,0.3558382339135278
163,0.3558361423260067
164,0.35583333058748395
165,0.35583065259386787
166,0.3558281021984294
167,0.3558256654138677
168,0.3558233408164233
169,0.35582194964168595
170,0.35581982453004457
171,0.35581781312124805
172,0.35581589785404505
173,0.3558140774338972
174,0.35581234364421105
175,0.35581149770878256
176,0.3558099278411828
177,0.3558084471174516
178,0.35580704450723716
179,0.3558057106693741
180,0.3558044471417088
181,0.3558040407719091
182,0.3558029058552347
183,0.35580184022895994
184,0.35580083469161766
185,0.35579989199526607
186,0.35579900033888406
187,0.35579893238609656
188,0.35579814346274363
189,0.3557974079309497
190,0.3557967106287833
191,0.3557960700604599
192,0.3557954696076922
193,0.3557956669991836
194,0.355795140042901
195,0.3557946596550755
196,0.355794223024277
197,0.3557938124705106
198,0.3557934360322543
199,0.3557938291307073
200,0.35579351510968993
201,0.35579323254991324
202,0.35579297717195
203,0.35579275009105915
204,0.3557925503770821
205,0.3557930907676928
206,0.3557929313729983
207,0.35579279764788224
208,0.355792686783243
209,0.3557926062250044
210,0.3557925302372314
211,0.355793179878965
212,0.3557931392150931
213,0.3557931178167928
214,0.35579311575973405
215,0.3557931290275883
216,0.35579314865753986
217,0.3557938741950784
218,0.355793916011462
219,0.355793977919966
220,0.35579404785879887
221,0.3557941315043718
222,0.3557942311966326
223,0.3557949951628689
224,0.355795101710828
225,0.3557952224067412
226,0.3557953480747528
227,0.3557954799057916
228,0.3557956185913645
229,0.35579641460091804
230,0.35579655692796225
231,0.3557967110956088
232,0.3557968701899517
233,0.35579703758121467
234,0.3557972016918939
235,0.35579800883191637
236,0.35579817336169073
237,0.3557983507949393
238,0.3557985281152651
239,0.3557987099175807
240,0.35579888739273885
1,0.3727707203477621
2,0.28947573378682134
3,0.271341866850853
4,0.2566965780034661
5,0.24274739921092986
6,0.22915690004825592
7,0.21585720531642438
8,0.20280892498791217
9,0.19000039964914323
10,0.17741730468114839
11,0.1688572558941087
12,0.16531893791863694
13,0.16199097206234
14,0.15883424518397077
15,0.15584424010885414
16,0.15301109035266564
17,0.15032550206175074
18,0.14777868812263478
19,0.14536827103671385
20,0.14307459677307632
21,0.1408961711032316
22,0.13882599088829012
23,0.1368574343912769
24,0.13498424730147235
25,0.13320642060018145
26,0.13150656502111815
27,0.1298853414916084
28,0.1283377956217737
29,0.12685927784157683
30,0.12544542211078805
31,0.12409803960908902
32,0.12280149646278005
33,0.121558124084695
34,0.12036458192771533
35,0.11921775368042291
36,0.11811474397327401
37,0.11705874885024968
38,0.11603546834376174
39,0.11504847703428822
40,0.1140956057611038
41,0.11317484445753508
42,0.11228432938005425
43,0.11142821929475759
44,0.110593118116376
45,0.1097834394747042
46,0.10899778504230198
47,0.10823486680688803
48,0.10749348557219492
49,0.10677840940858005
50,0.10607682689762442
51,0.10539366701457765
52,0.10472801876923768
53,0.10407904150735703
54,0.10344594854614116
55,0.10283388005394954
56,0.10223039212520234
57,0.10164072677653166
58,0.10106427729013376
59,0.10050047263284796
60,0.09994878576238989
61,0.09941457827575505
62,0.09888564529625
63,0.09836741825027275
64,0.09785947998941992
65,0.09736143126894603
66,0.09687290178546391
67,0.09639939479646273
68,0.09592886171936697
69,0.09546685407767655
70,0.09501307098500547
71,0.09456722342751163
72,0.09412905097240581
73,0.09370413705510146
74,0.09328054436256934
75,0.09286390094013769
76,0.09245397543578292
77,0.09205056678729306
78,0.09165347156063945
79,0.0912683309448039
80,0.09088329219935985
81,0.0905040237429057
82,0.09013035527255851
83,0.08976212952489732
84,0.08939919084907161
85,0.08904721656464971
86,0.0886944173543452
87,0.0883464894584904
88,0.0880033015463414
89,0.08766472898285428
90,0.0873306497791782
91,0.08700676312859286
92,0.0866813332833408
93,0.08636007047913154
94,0.08604287470632699
95,0.08572964127328304
96,0.08542027928226162
97,0.08512048771954142
98,0.08481858630104398
99,0.08452029302497976
100,0.08422552540294419
101,0.08393420070919091
102,0.08364624160385574
103,0.08336735281132861
104,0.0830858999431075
105,0.082807601237364
106,0.08253238650315325
107,0.08226019108122273
108,0.08199094818410231
109,0.08173036321961263
110,0.08146684300023481
111,0.0812061029621691
112,0.08094808588335582
113,0.08069273307788535
114,0.08043999623172567
115,0.08019557120751415
116,0.07994790257900604
117,0.07970270416190033
118,0.07945992477325489
119,0.07921951681193605
120,0.07898143809499743
121,0.07875137503113365
122,0.07851781753095566
123,0.07828646837668202
124,0.0780572813549952
125,0.07783021991956048
126,0.07760524518977036
127,0.07738802957472217
128,0.0771671115585923
129,0.07694817622985284
130,0.07673118769664143
131,0.07651611077708367
132,0.07630291561436024
133,0.07609726084505382
134,0.07588772260336554
135,0.07567997869824467
136,0.07547399385242898
137,0.07526973779495165
138,0.07506718482705764
139,0.07487197975788148
140,0.07467274141396046
141,0.0744751318248018
142,0.07427912054568879
143,0.07408467817956989
144,0.07389178760473442
145,0.07370607256154471
146,0.0735161975223309
147,0.07332780542790715
148,0.07314087185528478
149,0.07295537392150436
150,0.07277128629495565
151,0.07259422282601008
152,0.07241289574718394
153,0.07223292466092972
154,0.07205428837114596
155,0.0718769649445312
156,0.0717009381067328
157,0.07153179664426716
158,0.07135829715960426
159,0.07118604558796505
160,0.07101501897624984
161,0.07084520077019989
162,0.07067657370018424
163,0.07051470774720656
164,0.07034840859283577
165,0.07018325735181861
166,0.07001923495998198
167,0.06985632761279703
168,0.06969451830162143
169,0.06953935821045888
170,0.06937969895661808
171,0.06922109914259636
172,0.06906354646169348
173,0.06890702147051343
174,0.06875151613188792
175,0.06860255018902535
176,0.06844903406788944
177,0.06829650013991341
178,0.06814493410282012
179,0.06799432487030571
180,0.0678446602319309
181,0.06770144047477515
182,0.0675536214976455
183,0.06740671810905041
184,0.06726071478762606
185,0.06711559789175225
186,0.06697136296359531
187,0.06683348211226985
188,0.06669096182238718
189,0.0665492975559755
190,0.06640847109636525
191,0.06626847310930316
192,0.06612929494811397
193,0.06599638771898754
194,0.06585881317027088
195,0.06572203374140372
196,0.06558603893332475
197,0.06545081914890033
198,0.06531636493513361
199,0.06518810674126144
200,0.06505515242963156
201,0.06492294365692942
202,0.06479146722551377
203,0.0646607176123507
204,0.06453068717877614
205,0.06440677182799845
206,0.06427814476723143
207,0.06415021803732088
208,0.06402297863642162
209,0.06389642282854766
210,0.06377053811418591
211,0.063650702218074
212,0.0635261368270585
213,0.0634022312630259
214,0.063278972380067
215,0.06315635420447506
216,0.06303437111113454
217,0.06291836487012915
218,0.06279762131904136
219,0.0626774984230724
220,0.06255798540412798
221,0.06243907623589621
222,0.06232076476582733
223,0.062208366018530796
224,0.06209122300402669
225,0.06197466649042326
226,0.061858685646730006
227,0.06174327403226926
228,0.06162842693818675
229,0.06151942948956275
230,0.06140568531482131
231,0.06129249626639648
232,0.06117984987206
233,0.06106774291110924
234,0.060956170361314434
235,0.06085038420613273
236,0.060739854928760904
237,0.06062984960626636
238,0.06052035991953744
239,0.06041137993663142
240,0.06030290637172584
