1,0.4490191046157099
2,0.288514252120092
3,0.2822526173897323
4,0.2757674757913543
5,0.2695604270536922
6,0.26378592309958987
1,0.5987967156526092
2,0.5912274747007653
3,0.5726050280707972
4,0.5562761206381154
5,0.5419946423763866
6,0.5295155945777763
1,0.8536062038851991
2,0.717948260704399
3,0.6812667325026115
4,0.6491422301975734
5,0.6222189399079852
6,0.5997728792352105
1,0.7583500476175026
2,0.7206089907557559
3,0.6845387418839768
4,0.6559871258027986
5,0.6334598754912786
6,0.6156188219309852
1,0.463961638322626
2,0.44170105440980484
3,0.4245330216586081
4,0.4087515562030436
5,0.39478767310914553
6,0.38252143711583275
1,0.9095017208665326
2,0.8645475990672402
3,0.8156985342348888
4,0.7755279976523919
5,0.742929767534688
6,0.7167172929131955
1,0.869511787748712
2,0.8078910560668976
3,0.7646198638531883
4,0.729756649130577
5,0.7018449956401029
6,0.6795607106596607
1,0.6124613540248046
2,0.4521711920144426
3,0.4406769995478579
4,0.4298300058595727
5,0.42020842075671183
6,0.41171753500903663
1,0.5645326690096399
2,0.5283152338462749
3,0.5039644679766735
4,0.48329020423684044
5,0.46551137962501454
6,0.45018572344516355
1,0.41395706022124207
2,0.38326210598606103
3,0.3684611577123044
4,0.3553295231797229
5,0.34327584490614965
6,0.33220669610113235
1,0.8495568736963367
2,0.7929831909092394
3,0.7514401097206924
4,0.7173282506991715
5,0.6894816005093812
6,0.6668022102271419
1,0.9137563133569886
2,0.6800179607372651
3,0.65465333929112
4,0.6332695247440374
5,0.6150158062325005
6,0.5994544629082149
1,0.866879153797444
2,0.798028978757622
3,0.7511921751394821
4,0.7143086041569944
5,0.6851932462901253
6,0.6620287335681396
1,0.5895844558158033
2,0.5529391818031072
3,0.5260262617726017
4,0.5036524866615031
5,0.4849744845123616
6,0.4693416412494781
1,0.7505929204628246
2,0.679872617762464
3,0.6340981851890133
4,0.5998923815673719
5,0.574351904973866
6,0.5551127163789585
1,0.7011962219511543
2,0.569890398772086
3,0.5538045807367702
4,0.540341230650667
5,0.5285863840758264
6,0.5183272746480232
1,0.8555867717885054
2,0.7825235526049115
3,0.7364752980055979
4,0.7002191091574094
5,0.6720669767714428
6,0.6504581533134162
1,0.5977590078116184
2,0.4873291261554631
3,0.4685160215195546
4,0.4523783147092566
5,0.4385172320736334
6,0.4266513614479274
1,0.22704618944293242
2,0.21412204594910617
3,0.20651576965831983
4,0.1996848226905069
5,0.19328838102382156
6,0.1872881305753791
1,0.8367938097102963
2,0.7762391013137414
3,0.7307780130525933
4,0.694780003497705
5,0.6663881911942372
6,0.6439946372866703
1,0.45140796103518793
2,0.3658434227012966
3,0.34923347095545654
4,0.334720138322411
5,0.32208151686110725
6,0.31114898208475816
1,0.2881866819453256
2,0.14901044865332347
3,0.13696209609415194
4,0.13079385021837456
5,0.1255887416272527
6,0.12072266892388234
1,0.3934023455404471
2,0.23348160305614432
3,0.23038072578089155
4,0.2282069693346676
5,0.22610621197038683
6,0.2240811980563219
1,0.31101419617702264
2,0.28884460662222994
3,0.28055684200107844
4,0.27359913527283986
5,0.26744982087589536
6,0.26196867361813936
1,0.9596066540721495
2,0.7920755589736401
3,0.7370430284158619
4,0.6909033421359005
5,0.6525025115476646
6,0.6208685598707862
1,0.701742793271904
2,0.556687392022297
3,0.5364322730899471
4,0.5181937229987934
5,0.5021821534491364
6,0.4881448734024264
1,0.5606146795827235
2,0.3857485944722213
3,0.3777213355737758
4,0.3712432856870106
5,0.36534847235954016
6,0.35993657767399034
1,0.9240089755250795
2,0.7307727741013393
3,0.6962714268214673
4,0.6683829072027625
5,0.6453600992506046
6,0.6263604300556662
1,0.820400911781494
2,0.7032625142940794
3,0.6655125475221735
4,0.6326253388187959
5,0.6046253410966385
6,0.5809650002378569
1,0.5424041912931512
2,0.512634247195066
3,0.48852480817321015
4,0.4674226945254514
5,0.4488732653557909
6,0.4325752570423515
1,1.2443695277518285
2,0.8563632551220494
3,0.800358841005351
4,0.7583384873477556
5,0.7266579134335679
6,0.7027258960713934
1,0.7308682248534878
2,0.724404073413324
3,0.6875470326741661
4,0.6561200579020943
5,0.6296519965342722
6,0.6074053181152419
7,0.5887360319424774
8,0.5730908572015487
9,0.5599925661043147
10,0.5490284863708408
11,0.5398431705455207
12,0.5321333428292848
13,0.5256432843553585
14,0.5201598185680677
15,0.5155068853224225
16,0.5115400499799554
17,0.5081413112427742
18,0.5052144484115405
19,0.5026810125797584
20,0.5004769666124411
21,0.498549921389376
22,0.4968568905246687
23,0.4953624804303561
24,0.49403743779665876
25,0.4928574863139542
26,0.4918023953673042
27,0.490855233789441
28,0.49000177084451757
29,0.4892299942418598
30,0.48852972121116417
31,0.48789228367839854
32,0.4873102725634203
33,0.48677732936596135
34,0.48628797568258664
35,0.4858374732427054
36,0.48542170857981953
37,0.4850370976552427
38,0.48468050669681945
39,0.4843491862606346
40,0.4840407161128823
41,0.4837529589960333
42,0.483484021714506
43,0.4832322222708579
44,0.4829960620200158
45,0.48277420199875914
46,0.4825654427402922
47,0.4823687070069612
48,0.4821830249738904
49,0.4820075214773707
50,0.4818414050078244
51,0.481683958181123
52,0.48153452946626296
53,0.4813925259837339
54,0.48125740721890053
55,0.48112867951948024
56,0.4810058912667325
57,0.4808886286270633
58,0.4807765118049457
59,0.48066919172996925
60,0.48056634712077184
61,0.4804676818769692
62,0.4803729227572379
63,0.4802818173076451
64,0.48019413200932826
65,0.4801096506189086
66,0.4800281726786079
67,0.47994951217614884
68,0.47987349633711973
69,0.47979996453475826
70,0.47972876730401404
71,0.47965976544842287
72,0.4795928292297391
73,0.479527837631509
74,0.4794646776888291
75,0.47940324387745403
76,0.4793434375562202
77,0.47928516645744457
78,0.4792283442205688
79,0.4791728899648387
80,0.4791187278972885
81,0.47906578695268975
82,0.47901400046249054
83,0.4789633058500858
84,0.4789136443500281
85,0.47886496074904494
86,0.47881720314693504
87,0.4787703227356137
88,0.47872427359474734
89,0.478679012502564
90,0.4786344987605724
91,0.4785906940310302
92,0.4785475621861195
93,0.47850506916787916
94,0.4784631828580314
95,0.4784218729569209
96,0.4783811108708448
97,0.4783408696071334
98,0.4783011236763711
99,0.47826184900122753
100,0.47822302283139373
101,0.47818462366416936
102,0.4781466311702839
103,0.4781090261245676
104,0.47807179034112074
105,0.47803490661265635
106,0.47799835865372126
107,0.4779621310475212
108,0.47792620919608986
109,0.47789057927358414
110,0.47785522818247267
111,0.4778201435124362
112,0.47778531350178055
113,0.47775072700120624
114,0.4777163734397658
115,0.4776822427928741
116,0.47764832555222647
117,0.477614612697508
118,0.47758109566977175
119,0.47754776634638446
120,0.4775146170174302
121,0.4774816403634889
122,0.4774488294346985
123,0.4774161776310175
124,0.4773836786836181
125,0.47735132663733554
126,0.4773191158341138
127,0.4772870408973789
128,0.47725509671729127
129,0.4772232784368181
130,0.4771915814385818
131,0.47716000133242936
132,0.477128533943693
133,0.4770971753020873
134,0.47706592163121364
135,0.47703476933863664
136,0.4770037150064932
137,0.4769727553826113
138,0.47694188737210125
139,0.47691110802939835
140,0.4768804145507286
141,0.476849804266974
142,0.4768192746369142
143,0.4767888232408232
144,0.47675844777440396
145,0.4767281460430384
146,0.4766979159563358
147,0.47666775552296753
148,0.47663766284576503
149,0.4766076361170742
150,0.4765776736143458
151,0.47654777369595364
152,0.4765179347972259
153,0.4764881554266779
154,0.47645843416243766
155,0.47642876964885145
156,0.4763991605932622
157,0.4763696057629474
158,0.4763401039822145
159,0.47631065412963886
160,0.4762812551354418
161,0.4762519059789986
162,0.47622260568646996
163,0.47619335332855306
164,0.4761641480183396
165,0.4761349889092869
166,0.4761058751932808
167,0.47607680609880043
168,0.4760477808891687
169,0.47601879886089166
170,0.4759898593420763
171,0.47596096169092905
172,0.47593210529432234
173,0.47590328956643674
174,0.4758745139474644
175,0.475845777902377
176,0.4758170809197538
177,0.4757884225106659
178,0.4757598022076141
179,0.475731219563516
180,0.47570267415074796
181,0.47567416556022296
182,0.4756456934005248
183,0.4756172572970723
184,0.4755888568913308
185,0.47556049184005794
186,0.4755321618145883
187,0.475503866500149
188,0.4754756055952079
189,0.4754473788108562
190,0.4754191858702168
191,0.47539102650788195
192,0.4753629004693771
193,0.4753348075106531
194,0.47530674739759554
195,0.47527871990556486
196,0.4752507248189536
197,0.47522276193076635
198,0.47519483104221716
199,0.47516693196234905
200,0.47513906450767
201,0.47511122850180504
202,0.475083423775166
203,0.47505565016463586
204,0.47502790751326934
205,0.4750001956700056
206,0.4749725144893952
207,0.4749448638313406
208,0.4749172435608483
209,0.47488965354779084
210,0.4748620936666837
211,0.4748345637964673
212,0.4748070638203069
213,0.47477959362539207
214,0.47475215310275387
215,0.47472474214708654
216,0.4746973606565781
217,0.4746700085327489
218,0.47464268568029794
219,0.47461539200695685
220,0.47458812742334905
221,0.47456089184285716
222,0.4745336851814944
223,0.47450650735778643
224,0.4744793582926535
225,0.4744522379092995
226,0.47442514613310993
227,0.4743980828915489
228,0.474371048114065
229,0.47434404173199957
230,0.47431706367850146
231,0.4742901138884424
232,0.4742631922983381
233,0.47423629884627466
234,0.4742094334718358
235,0.4741825961160337
236,0.4741557867212457
237,0.47412900523115015
238,0.4741022515906683
239,0.4740755257459075
240,0.4740488276441075
1,0.8463655814309903
2,0.4149862551925644
3,0.4005547899350843
4,0.3882814151376958
5,0.3769481989864179
6,0.3664444920061625
7,0.3567136665280887
8,0.347706042278929
9,0.33937397335768316
10,0.3316712424713584
11,0.32455305015991137
12,0.3179761419711358
13,0.3118989878800681
14,0.30628197441889915
15,0.30108758122241847
16,0.29628052221675616
17,0.2918278399520101
18,0.28769894893039455
19,0.2838656295725897
20,0.28030197844667254
21,0.2769843226440764
22,0.2738911070225599
23,0.2710027628293797
24,0.26830156534505184
25,0.265771486966622
26,0.26339805081719375
27,0.26116818868489666
28,0.25907010595242275
29,0.2570931552206787
30,0.25522771956582796
31,0.25346510578598996
32,0.2517974475691564
33,0.2502176182203848
34,0.24871915239702855
35,0.24729617619120506
36,0.24594334484796598
37,0.24465578739864471
38,0.24342905750820368
39,0.2422590898728231
40,0.24114216155189833
41,0.24007485767159908
42,0.23905404099142763
43,0.23807682487827656
44,0.23714054928277595
45,0.23624275935929745
46,0.23538118641348502
47,0.2345537308994173
48,0.23375844722265385
49,0.23299353013565502
50,0.23225730253870056
51,0.23154820452282002
52,0.230864783511691
53,0.23020568537731168
54,0.2295696464198102
55,0.22895548611529573
56,0.22836210054743755
57,0.22778845644872
58,0.22723358578623798
59,0.22669658083467248
60,0.22617658968585685
61,0.22567281215024476
62,0.22518449601075166
63,0.22471093359394
64,0.22425145862746468
65,0.22380544335614572
66,0.22337229589206956
67,0.22295145777677672
68,0.22254240173594053
69,0.22214462960900724
70,0.22175767043808228
71,0.22138107870196685
72,0.22101443268266852
73,0.2206573329529743
74,0.22030940097479967
75,0.21997027779902126
76,0.21963962285839309
77,0.21931711284593725
78,0.21900244067191013
79,0.21869531449307858
80,0.21839545680860703
81,0.21810260361737158
82,0.21781650363196867
1,0.6467738655389575
2,0.6179106397801034
3,0.5933837672090507
4,0.5724108186736196
5,0.5545461049108221
6,0.5393574487428932
1,0.750644041489661
2,0.6819914647735894
3,0.6510608261170739
4,0.6251864463373294
5,0.6034578465878074
6,0.5851431995327748
1,0.8217730519939181
2,0.7931194186165444
3,0.7656665074819483
4,0.7424464397770957
5,0.7229477645529739
6,0.7066657695642468
1,0.4408860499482518
2,0.39726887889187124
3,0.3810663835269353
4,0.36487270646428477
5,0.3501762396897769
6,0.3370197367478752
7,0.3252723432421628
8,0.3147914578065036
9,0.30544169716856084
10,0.2970975845408042
11,0.2896440802107796
12,0.2829765803986036
13,0.2770006642660594
14,0.27163169058509784
15,0.26679429431164264
16,0.2624218086213088
17,0.2584556284098754
18,0.2548445308093725
19,0.2515439711742346
20,0.24851537520369849
21,0.24572544759613651
22,0.24314551486326139
23,0.24075091556718864
24,0.23852044636473263
25,0.23643586770415553
26,0.2344814693123177
27,0.23264369290654474
28,0.23091080782010084
29,0.2292726342842043
30,0.22772030876750918
31,0.22624608584966321
32,0.22484317144361463
33,0.22350558266356887
34,0.2222280301781581
35,0.2210058194362594
36,0.2198347676723599
37,0.2187111340712015
38,0.21763156088982755
39,0.2165930236978717
40,0.2155927892066668
41,0.21462837941925764
42,0.21369754105231795
43,0.21279821936304066
44,0.21192853566480757
45,0.21108676793978418
46,0.21027133405893547
47,0.20948077720407576
48,0.20871375315564347
49,0.20796901916663785
50,0.2072454241897596
51,0.20654190026313785
52,0.20585745489159468
53,0.2051911642864318
54,0.2045421673482424
55,0.20390966029507912
56,0.20329289185309743
57,0.2026911589391166
58,0.20210380277481843
59,0.201530205380915
60,0.20096978640683116
61,0.20042200025755538
62,0.19988633348442655
63,0.19936230241101138
64,0.19884945096890694
65,0.1983473487214853
66,0.197855589056289
67,0.1973737875291147
68,0.19690158034482103
69,0.19643862296162426
70,0.19598458880714836
71,0.19553916809578617
72,0.19510206673807812
73,0.19467300533379628
74,0.19425171824129234
75,0.193837952716442
76,0.19343146811517734
77,0.1930320351542085
78,0.19263943522505553
79,0.19225345975697894
80,0.1918739096248206
81,0.19150059459813012
82,0.19113333282829165
83,0.19077195037065744
84,0.19041628073896483
85,0.1900661644895484
86,0.18972144883308537
87,0.18938198727179045
88,0.18904763926016918
89,0.18871826988758456
90,0.1883937495810458
91,0.18807395382674957
92,0.18775876290903104
93,0.1874480616654844
94,0.18714173925711308
95,0.18683968895245953
96,0.18654180792474548
97,0.1862479970611281
98,0.18595816078324862
99,0.1856722068783064
100,0.18539004633995732
101,0.1851115932183797
102,0.18483676447890304
103,0.18456547986864277
104,0.18429766179061555
105,0.1840332351848568
106,0.18377212741609156
107,0.183514268167541
108,0.18325958934048248
109,0.18300802495919616
110,0.18275951108097252
111,0.18251398571086103
112,0.18227138872087603
113,0.18203166177338517
114,0.1817947482484314
115,0.18156059317475168
116,0.18132914316427326
117,0.18110034634988179
118,0.1808741523262728
119,0.18065051209370303
120,0.18042937800447967
121,0.18021070371202438
122,0.17999444412237403
123,0.17978055534797258
124,0.17956899466363116
125,0.1793597204645353
126,0.17915269222618363
127,0.17894787046615604
128,0.1787452167076083
129,0.17854469344440432
130,0.17834626410779308
131,0.17814989303455445
132,0.17795554543652975
133,0.17776318737147048
134,0.17757278571513357
135,0.1773843081345584
136,0.17719772306246992
137,0.17701299967274167
138,0.17683010785687667
139,0.17664901820144568
140,0.1764697019664404
141,0.17629213106449593
142,0.1761162780409387
143,0.17594211605462068
144,0.1757696188595027
145,0.17559876078695016
146,0.1754295167287073
147,0.1752618621205201
148,0.17509577292637374
149,0.17493122562332147
150,0.1747681971868723
151,0.17460666507691663
152,0.17444660722416278
153,0.17428800201706185
154,0.17413082828920076
155,0.17397506530714135
156,0.17382069275868628
157,0.17366769074155392
158,0.17351603975244376
159,0.17336572067647602
160,0.1732167147769899
161,0.17306900368568498
162,0.17292256939309192
163,0.17277739423935765
164,0.1726334609053346
165,0.17249075240395825
166,0.17234925207190532
167,0.17220894356151614
168,0.1720698108329774
169,0.17193183814674826
170,0.17179501005622538
171,0.1716593114006346
172,0.17152472729814205
173,0.17139124313917573
174,0.17125884457994964
175,0.1711275175361828
176,0.17099724817700615
177,0.17086802291905007
178,0.17073982842070629
179,0.1706126515765569
180,0.17048647951196552
181,0.17036129957782495
182,0.17023709934545336
183,0.17011386660163755
184,0.16999158934381428
185,0.16987025577538867
186,0.16974985430118053
187,0.169630373522999
188,0.16951180223533652
189,0.1693941294211823
190,0.16927734424794783
191,0.16916143606350303
192,0.16904639439231806
193,0.16893220893170827
194,0.1688188695481766
195,0.16870636627385546
196,0.1685946893030383
197,0.16848382898880246
198,0.1683737758397195
199,0.1682645205166493
200,0.16815605382961618
201,0.16804836673476373
202,0.16794145033138744
203,0.1678352958590403
204,0.1677298946947122
205,0.16762523835007656
206,0.16752131846880863
207,0.16741812682396623
208,0.16731565531543538
209,0.16721389596743852
210,0.1671128409261022
211,0.1670124824570836
212,0.16691281294325222
213,0.1668138248824297
214,0.16671551088517933
215,0.1666178636726503
216,0.16652087607447144
217,0.16642454102669363
218,0.16632885156978022
219,0.16623380084664446
220,0.16613938210073
221,0.16604558867413846
222,0.16595241400579558
223,0.1658598516296621
224,0.16576789517298363
225,0.16567653835457974
226,0.16558577498317073
227,0.1654955989557435
228,0.16540600425595123
229,0.16531698495254954
230,0.16522853519786715
231,0.16514064922630875
232,0.16505332135289258
233,0.16496654597181615
234,0.16488031755505692
235,0.16479463065100014
236,0.16470947988309717
237,0.16462485994855222
238,0.16454076561703648
239,0.16445719172943057
240,0.16437413319659208
1,0.622732188223418
2,0.5974106343265091
3,0.570538259871267
4,0.5467705910920079
5,0.5262649880283233
6,0.5086060866640989
7,0.49338991829649326
8,0.4802491448216559
9,0.4688602362290555
10,0.45894474686491116
11,0.4502669475062583
12,0.4426295240277436
13,0.4358685311731106
14,0.4298483326575703
15,0.4244569244475438
16,0.41960181867494784
17,0.4152065335880456
18,0.4112076625984674
19,0.4075524610842465
20,0.4041968777463765
21,0.40110395782979985
22,0.39824255208836074
23,0.3955862742902408
24,0.39311265929766037
25,0.3908024823077016
26,0.38863920729735696
27,0.38660853898421704
28,0.3846980577633519
29,0.3828969212473207
30,0.38119561937451335
31,0.3795857727091409
32,0.37805996566498223
33,0.3766116080548902
34,0.3752348196897868
35,0.37392433379750495
36,0.37267541586168895
37,0.37148379514004587
38,0.37034560664588345
39,0.36925734179547354
40,0.3682158062586617
41,0.36721808381882887
42,0.3662615052644523
43,0.3653436215089297
44,0.36446218027649463
45,0.36361510580659995
46,0.3628004811224408
47,0.36201653248542615
48,0.3612616157197931
49,0.3605342041427638
50,0.359832877877863
51,0.3591563143638489
52,0.3585032799006249
53,0.357872622097476
54,0.35726326310899414
55,0.3566741935607749
56,0.35610446708098176
57,0.3555531953656643
58,0.3550195437156468
59,0.35450272699121355
60,0.3540020059379434
61,0.3535166838431043
62,0.35304610348719706
63,0.3525896443596548
64,0.3521467201115147
65,0.35171677622112396
66,0.3512992878517895
67,0.35089375788269117
68,0.3504997150965238
69,0.3501167125091469
70,0.3497443258281526
71,0.34938215202865597
72,0.34902980803583733
73,0.34868692950487107
74,0.34835316968980623
75,0.3480281983938247
76,0.3477117009940426
77,0.34740337753467626
78,0.3471029418830054
79,0.3468101209430559
80,0.3465246539224306
81,0.3462462916481037
82,0.34597479592739433
83,0.3457099389506509
84,0.34545150273249875
85,0.3451992785887622
86,0.3449530666464301
87,0.34471267538424366
88,0.34447792120170007
89,0.3442486280144362
90,0.3440246268741267
91,0.3438057556111844
92,0.343591858498678
93,0.343382785936017
94,0.3431783941510589
95,0.34297854491940116
96,0.3427831052997156
97,0.3425919473840636
98,0.3424049480622183
99,0.3422219887990817
100,0.34204295542436525
101,0.3418677379337459
102,0.3416962303007817
103,0.3415283302989112
104,0.34136393933291637
105,0.3412029622792673
106,0.34104530733480665
107,0.34089088587327504
108,0.34073961230920724
109,0.3405914039687587
110,0.34044618096706153
111,0.34030386609172486
112,0.3401643846921251
113,0.34002766457415473
114,0.33989363590011623
115,0.33976223109347764
116,0.33963338474820715
117,0.33950703354244227
118,0.33938311615624633
119,0.3392615731932349
120,0.3391423471058577
121,0.3390253821241411
122,0.3389106241877051
123,0.3387980208808805
124,0.33868752137076585
125,0.33857907634806295
126,0.3384726379705571
127,0.3383681598090972
128,0.33826559679594964
129,0.33816490517540715
130,0.3380660424565376
131,0.33796896736796517
132,0.3378736398145847
133,0.33778002083610703
134,0.3376880725673561
135,0.337597758200223
136,0.3375090419471995
137,0.33742188900641934
138,0.3373362655281272
139,0.3372521385825148
140,0.33716947612885584
141,0.33708824698587897
142,0.33700842080332344
143,0.336929968034619
144,0.33685285991064445
145,0.33677706841450644
146,0.33670256625730177
147,0.3366293268548125
148,0.33655732430509516
149,0.33648653336692236
150,0.33641692943904034
151,0.33634848854020577
152,0.3362811872899705
153,0.3362150028901743
154,0.3361499131071269
155,0.3360858962544367
156,0.3360229311764693
157,0.3359609972324029
158,0.3359000742808579
159,0.3358401426650746
160,0.33578118319862044
161,0.3357231771515986
162,0.3356661062373439
163,0.3356099525995824
164,0.3355546988000323
165,0.33550032780643946
166,0.33544682298101725
167,0.335394168069283
168,0.33534234718927175
169,0.33529134482111395
170,0.3352411457969605
171,0.3351917352912473
172,0.3351430988112753
173,0.33509522218810817
174,0.3350480915677614
175,0.3350016934026822
176,0.3349560144435044
177,0.33491104173106634
178,0.33486676258868653
179,0.334823164614685
180,0.3347802356751411
181,0.3347379638968764
182,0.3346963376606629
183,0.3346553455946373
184,0.3346149765679225
185,0.33457521968444376
186,0.3345360642769354
187,0.33449749990112915
188,0.3344595163301204
189,0.33442210354890123
190,0.3343852517490613
191,0.33434895132364334
192,0.3343131928621526
193,0.33427796714571606
194,0.3342432651423794
195,0.33420907800254496
196,0.3341753970545403
197,0.33414221380031683
198,0.3341095199112711
199,0.33407730722418433
200,0.3340455677372829
201,0.33401429360640317
202,0.3339834771412706
203,0.33395311080188045
204,0.333923187194981
205,0.3338936990706536
206,0.33386463931898747
207,0.3338360009668464
208,0.3338077771747248
209,0.3337799612336887
210,0.33375254656239906
211,0.33372552670421807
212,0.33369889532439023
213,0.3336726462073013
214,0.3336467732538096
215,0.33362127047864726
216,0.3335961320078916
217,0.3335713520765024
218,0.3335469250259225
219,0.3335228453017436
220,0.3334991074514298
221,0.333475706122101
222,0.333452636058375
223,0.3334298921002615
224,0.3334074691811132
225,0.33338536232562616
226,0.33336356664789235
227,0.3333420773495014
228,0.3333208897176878
229,0.3332999991235273
230,0.33327940102017584
231,0.3332590909411531
232,0.3332390644986678
233,0.3332193173819846
234,0.3331998453558307
235,0.33318064425884186
236,0.3331617100020444
237,0.3331430385673753
238,0.33312462600623716
239,0.3331064684380893
240,0.33308856204906995
1,0.49508966474811944
2,0.45988053037641935
3,0.45048481695559955
4,0.44168404734940514
5,0.43395662975516486
6,0.4271721676640261
7,0.42119561227188124
8,0.415911317248028
9,0.41122131752771407
10,0.40704276575079024
11,0.403305614836581
12,0.3999506026857686
13,0.396927527316373
14,0.39419378570519537
15,0.39171314459992734
16,0.38945471127271475
17,0.3873920742624305
18,0.3855025872833937
19,0.38376677292576117
20,0.3821678261418635
21,0.38069120060780226
22,0.37932426378996487
23,0.378056008915212
24,0.3768768140586489
25,0.37577824025760553
26,0.3747528619741072
27,0.373794124400534
28,0.37289622307145437
29,0.37205400204205824
30,0.37126286754911036
31,0.3705187146085681
32,0.36981786444574055
33,0.3691570110163996
34,0.36853317517494844
35,0.3679436652903765
36,0.3673860433119722
37,0.36685809545253717
38,0.36635780679359653
39,0.36588333923011446
40,0.3654330122657726
41,0.36500528624746453
42,0.3645987476921422
43,0.36421209641285485
44,0.36384413419563244
45,0.3634937548163471
46,0.3631599352180876
47,0.3628417276959813
48,0.36253825295858627
49,0.3622486939537245
50,0.3619722903624611
51,0.3617083336783525
52,0.3614561628004855
53,0.36121516007851784
54,0.36098474775620376
55,0.3607643847669527
56,0.3605535638410123
57,0.36035180888905904
58,0.36015867263144846
59,0.3599737344462095
60,0.35979659841219047
61,0.3596268915266371
62,0.3594642620789608
63,0.35930837816461536
64,0.3591589263248875
65,0.3590156103000226
66,0.3588781498845525
67,0.3587462798749289
68,0.358619749100665
69,0.3584983195311424
70,0.35838176545108885
71,0.35826987269847016
72,0.3581624379591951
73,0.3580592681136118
74,0.35796017963028554
75,0.3578649980029979
76,0.357773557227314
77,0.3576856993134161
78,0.3576012738322295
79,0.3575201374921366
80,0.35744215374384397
81,0.3573671924111795
82,0.35729512934580865
83,0.3572258461040391
84,0.35715922964403896
85,0.35709517204195323
86,0.35703357022552323
87,0.3569743257239406
88,0.35691734443276957
89,0.35686253639287413
90,0.35680981558236774
91,0.3567590997206899
92,0.35671031008397963
93,0.3566633713309863
94,0.35661821133881716
95,0.35657476104787067
96,0.35653295431536136
97,0.35649272777688185
98,0.3564540207154917
99,0.3564167749378571
100,0.35638093465700615
101,0.35634644638128726
102,0.3563132588091571
103,0.3562813227294427
104,0.35625059092675293
105,0.3562210180917327
106,0.3561925607358768
107,0.3561651771106403
108,0.35613882713059325
109,0.35611347230039514
110,0.3560890756453699
111,0.3560656016454805
112,0.3560430161725126
113,0.3560212864302938
114,0.3560003808977803
115,0.355980269274855
116,0.35596092243069527
117,0.35594231235456697
118,0.35592441210892223
119,0.35590719578467606
120,0.35589063845855057
121,0.35587471615237776
122,0.3558594057942612
123,0.3558446851815027
124,0.3558305329452013
125,0.35581692851644403
126,0.35580385209400583
127,0.35579128461348647
128,0.3557792077178093
129,0.3557676037290197
130,0.35575645562131747
131,0.3557457469952604
132,0.35573546205308965
133,0.35572558557511713
134,0.3557161028971247
135,0.355706999888731
136,0.3556982629326781
137,0.3556898789049906
138,0.3556818351559773
139,0.3556741194920242
140,0.35566672015814865
141,0.3556596258212818
142,0.35565282555423994
143,0.3556463088203579
144,0.35564006545875415
145,0.35563408567019517
146,0.3556283600035397
147,0.355622879342729
148,0.3556176348943056
149,0.3556126181754303
150,0.35560782100238436
151,0.3556032354795271
152,0.3555988539886928
153,0.35559466917901
154,0.35559067395712035
155,0.35558686147778396
156,0.35558322513485086
157,0.35557975855258656
158,0.3555764555773353
159,0.3555733102695047
160,0.3555703168958621
161,0.35556746992212573
162,0.355564764005842
163,0.35556219398953387
164,0.35555975489410985
165,0.3555574419125247
166,0.355555250403681
167,0.3555531758865561
168,0.3555512140345566
169,0.35554936067008014
170,0.355547611759281
171,0.35554596340703176
172,0.3555444118520723
173,0.3555429534623368
174,0.35554158473045583
175,0.3555403022694207
176,0.35553910280841045
177,0.3555379831887692
178,0.3555369403601306
179,0.355535971376685
180,0.35553507339357965
181,0.35553424366345027
182,0.35553347953307857
183,0.3555327784401689
184,0.35553213791024085
185,0.3555315555536325
186,0.35553102906261325
187,0.35553055620859475
188,0.3555301348394464
189,0.35552976287690113
190,0.3555294383140551
191,0.3555291592129566
192,0.3555289237022769
193,0.3555287299750644
194,0.35552857628657847
195,0.3555284609521959
196,0.35552838234539297
197,0.3555283388957963
198,0.355528329087302
199,0.35552835145625844
200,0.35552840458971424
201,0.35552848712372287
202,0.35552859774171
203,0.3555287351728928
204,0.35552889819075545
205,0.3555290856115771
206,0.3555292962930075
207,0.3555295291326937
208,0.35552978306695215
209,0.3555300570694861
210,0.35553035015014517
211,0.35553066135372935
212,0.3555309897588308
213,0.35553133447671476
214,0.3555316946502398
215,0.3555320694528133
216,0.3555324580873801
217,0.35553285978544813
218,0.35553327380614486
219,0.35553369943530344
220,0.35553413598458233
221,0.35553458279061234
222,0.3555350392141726
223,0.35553550463939276
224,0.3555359784729817
225,0.3555364601434847
226,0.3555369491005586
227,0.3555374448142777
228,0.35553794677445877
229,0.35553845449000787
230,0.35553896748829056
231,0.3555394853145205
232,0.3555400075311707
233,0.3555405337174014
234,0.3555410634685075
235,0.3555415963953849
236,0.35554213212401287
237,0.3555426702949529
238,0.35554321056286675
239,0.3555437525960463
240,0.3555442960759608
1,0.2909438210991965
2,0.21542810813981486
3,0.20594325747068404
4,0.19994698612489073
5,0.1946468142985641
6,0.18970513798604974
7,0.18504847841529998
8,0.1806489698730919
9,0.17648925095398613
10,0.1725549641587946
11,0.16883296146508747
12,0.16531087147611562
13,0.16197699578359995
14,0.1588202761131852
15,0.15583026985967574
16,0.15299712174948377
17,0.15031153157379584
18,0.14776472029720808
19,0.14534839673425448
20,0.14305472634401512
21,0.14087630303438226
22,0.1388061243233623
23,0.13683756979942877
24,0.13496438254928317
25,0.13318065306189056
26,0.13148080505124096
27,0.12985958264492842
28,0.1283120384400718
29,0.12683352201299877
30,0.12541966856804052
31,0.12406638751079617
32,0.12276985082304323
33,0.12152648119429083
34,0.12033293992603106
35,0.11918611466860143
36,0.11808310707850617
37,0.11702122049830324
38,0.1159979477645158
39,0.11501095924426023
40,0.11405809119100191
41,0.11313733449627204
42,0.11224682389907509
43,0.11138482769944118
44,0.11054973800805466
45,0.10974006155073424
46,0.10895441103506964
47,0.10819149707688094
48,0.10745012067632319
49,0.10672916622732313
50,0.10602759503941828
51,0.10534443934779518
52,0.10467879678517748
53,0.10402982528800737
54,0.10339673840891123
55,0.10277880100758335
56,0.10217532529282033
57,0.10158566718936576
58,0.10100922300440056
59,0.1004454263698332
60,0.09989374543796747
61,0.09935368030957979
62,0.09882476067490523
63,0.09830654364946481
64,0.09779861178805886
65,0.09730057126158041
66,0.0968120501825598
67,0.09633269706653451
68,0.09586217941744049
69,0.09540018242624837
70,0.09494640777300893
71,0.09450057252334952
72,0.09406240811126017
73,0.09363165940073935
74,0.09320808381954222
75,0.09279145055888112
76,0.09238153983348343
77,0.09197814219692159
78,0.09158105790758198
79,0.09119009634106363
80,0.09080507544516996
81,0.0904258212340039
82,0.09005216731798531
83,0.08968395446689233
84,0.08932103020328505
85,0.08896324842390001
86,0.08861046904681516
87,0.08826255768237604
88,0.08791938532604586
89,0.08758082807149992
90,0.08724676684242771
91,0.08691708714163444
92,0.08659167881615276
93,0.08627043583718143
94,0.085953256093766
95,0.08564004119922522
96,0.08533069630940597
97,0.08502512995192614
98,0.08472325386562969
99,0.08442498284954036
100,0.08413023462065615
101,0.08383892967997879
102,0.08355099118621742
103,0.08326634483665141
104,0.08298491875467265
105,0.08270664338356815
106,0.08243145138613153
107,0.08215927754972796
108,0.08189005869646017
109,0.08162373359811088
110,0.08136024289556072
111,0.0810995290224009
112,0.08084153613248204
113,0.08058621003115561
114,0.08033349810998514
115,0.08008334928471625
116,0.07983571393631302
117,0.0795905438548767
118,0.07934779218627992
119,0.07910741338135663
120,0.07886936314750229
121,0.07863359840254555
122,0.07840007723076343
123,0.0781687588409199
124,0.07793960352621514
125,0.07771257262604107
126,0.07748762848944342
127,0.07726473444019946
128,0.07704385474342397
129,0.07682495457362239
130,0.07660799998411565
131,0.0763929578777646
132,0.07617979597892663
133,0.07596848280658254
134,0.07575898764857328
135,0.0755512805368907
136,0.07534533222397059
137,0.07514111415993796
138,0.07493859847075773
139,0.07473775793724748
140,0.07453856597491049
141,0.07434099661454968
142,0.07414502448362623
143,0.07395062478832759
144,0.07375777329631136
145,0.07356644632009561
146,0.0733766207010641
147,0.07318827379406002
148,0.07300138345254138
149,0.07281592801427324
150,0.07263188628753228
151,0.07244923753780283
152,0.07226796147494187
153,0.07208803824079299
154,0.07190944839723079
155,0.07173217291461667
156,0.07155619316064976
157,0.07138149088959533
158,0.07120804823187635
159,0.07103584768401223
160,0.07086487209889217
161,0.07069510467636707
162,0.07052652895415062
163,0.07035912879901442
164,0.07019288839826678
165,0.07002779225150504
166,0.06986382516262839
167,0.06970097223210402
168,0.06953921884947449
169,0.069378550686099
170,0.0692189536881185
171,0.06906041406963728
172,0.06890291830611213
173,0.06874645312794211
174,0.06859100551425157
175,0.0684365626868585
176,0.0682831121044233
177,0.06813064145676963
178,0.06797913865937227
179,0.06782859184800649
180,0.06767898937355174
181,0.0675303197969462
182,0.06738257188428526
183,0.0672357346020605
184,0.06708979711253303
185,0.06694474876923766
186,0.06680057911261292
187,0.06665727786575296
188,0.06651483493027699
189,0.06637324038231332
190,0.06623248446859228
191,0.06609255760264728
192,0.06595345036111738
193,0.06581515348015099
194,0.06567765785190492
195,0.06554095452113796
196,0.06540503468189446
197,0.06526988967427541
198,0.06513551098129516
199,0.0650018902258196
200,0.06486901916758464
201,0.06473688970029182
202,0.06460549384877873
203,0.06447482376626226
204,0.06434487173165182
205,0.06421563014693167
206,0.06408709153460872
207,0.06395924853522497
208,0.06383209390493234
209,0.06370562051312806
210,0.06357982134014827
211,0.06345468947501968
212,0.06333021811326561
213,0.06320640055476627
214,0.06308323020167117
215,0.06296070055636255
216,0.06283880521946718
217,0.06271753788791724
218,0.06259689235305688
219,0.062476862498794014
220,0.062357442299796756
221,0.06223862581973169
222,0.062120407209544044
223,0.0620027807057786
224,0.0618857406289392
225,0.0617692813818869
226,0.06165339744827516
227,0.06153808339102142
228,0.061423333850812875
229,0.06130914354464809
230,0.06119550726441032
231,0.06108241987547425
232,0.0609698763153438
233,0.060857871592321144
234,0.06074640078420472
235,0.06063545903701738
236,0.06052504156376231
237,0.060415143643206666
238,0.06030576061869208
239,0.06019688789697163
240,0.06008852094707184
