1,0.7973267215692416
2,0.7704852467974778
3,0.7424369058112293
4,0.7194221138745881
5,0.7007341802963001
6,0.6856004740927472
1,0.6006610389874372
2,0.5812247483745528
3,0.562386679030553
4,0.5460748090827292
5,0.5319749503786046
6,0.5197706479468802
1,0.4187131381924398
2,0.3943329210943069
3,0.3803030982565418
4,0.3685429462272986
5,0.3581755008949959
6,0.3489686808303529
1,0.604810301326711
2,0.45265573649268653
3,0.43367082109276206
4,0.41668711813882686
5,0.4019907788623309
6,0.3892817183940325
7,0.37825878627705584
8,0.3686596345437843
9,0.36026045883978647
10,0.3528723597930867
11,0.34633706074927917
12,0.34052258334876073
13,0.3353191868494303
14,0.3306357273954718
15,0.3263964948853834
16,0.3225385243565483
17,0.3190093454456069
18,0.315765118361557
19,0.3127691008737321
20,0.3099903931349554
21,0.3074029125282923
22,0.3049845572042631
23,0.3027165234763074
24,0.3005827482170972
25,0.2985694526202708
26,0.2966647681149256
27,0.294858428889779
28,0.29314151848711795
29,0.2915062603622105
30,0.2899458442674116
31,0.28845428189753525
32,0.2870262864977311
33,0.2856571721483789
34,0.28434276925361485
35,0.28307935341156176
36,0.28186358536775524
37,0.28069246017455207
38,0.2795632640191803
39,0.27847353745789727
40,0.27742104401652073
41,0.2764037432986731
42,0.2754197678906627
43,0.27446740347253884
44,0.2735450716436866
45,0.2726513150525426
46,0.2717847844869283
47,0.27094422763677384
48,0.27012847928678546
49,0.2693364527346506
50,0.2685671322620014
51,0.26781956651180233
52,0.26709286264790805
53,0.2663861811910766
54,0.26569873144130113
55,0.2650297674094373
56,0.264378584192179
57,0.26374451473381016
58,0.2631269269260928
59,0.2625252210044058
60,0.26193882720398654
61,0.2613672036450245
62,0.26080983441953653
63,0.26026622785653897
64,0.2597359149450947
65,0.2592184478974549
66,0.25871339883678124
67,0.258220358595892
68,0.25773893561515926
69,0.25726875492915124
70,0.256809457232868
71,0.2563606980195262
72,0.25592214678279473
73,0.25549348627720986
74,0.2550744118312315
75,0.2546646307080197
76,0.25426386150957075
77,0.2538718336203301
78,0.25348828668682605
79,0.25311297013023065
80,0.25274564268909655
81,0.2523860719897834
82,0.2520340341423633
83,0.2516893133600044
84,0.25135170160002807
85,0.2510209982250239
86,0.2506970096825458
87,0.2503795492020614
88,0.25006843650794225
89,0.24976349754739893
90,0.24946456423235588
91,0.2491714741943497
92,0.24888407055161502
93,0.24860220168759029
94,0.24832572104013675
95,0.24805448690082263
96,0.24778836222367595
97,0.24752721444285009
98,0.24727091529869688
99,0.2470193406717689
100,0.24677237042431643
101,0.24652988824886563
102,0.24629178152350523
103,0.2460579411735205
104,0.24582826153904702
105,0.24560264024843714
106,0.24538097809704465
107,0.24516317893116008
108,0.2449491495368406
109,0.24473879953339583
110,0.24453204127130362
111,0.24432878973434288
112,0.24412896244574664
113,0.24393247937818333
114,0.2437392628673902
115,0.24354923752929078
116,0.24336233018043327
117,0.24317846976160634
118,0.24299758726448104
119,0.24281961566115023
120,0.24264448983643291
121,0.2424721465228231
122,0.24230252423796814
123,0.24213556322456242
124,0.24197120539255862
125,0.24180939426359022
126,0.24165007491751456
127,0.2414931939409831
128,0.24133869937795846
129,0.24118654068208867
130,0.2410366686708676
131,0.2408890354815024
132,0.24074359452841856
133,0.24060030046233766
134,0.24045910913085689
135,0.24031997754047427
136,0.2401828638200002
137,0.24004772718529307
138,0.2399145279052745
139,0.23978322726916437
140,0.2396537875548929
141,0.23952617199863757
142,0.2394003447654435
143,0.23927627092088455
144,0.2391539164037206
145,0.23903324799951484
146,0.23891423331517408
147,0.23879684075437196
148,0.23868103949382463
149,0.23856679946038528
150,0.23845409130892287
151,0.2383428864009593
152,0.23823315678403392
153,0.23812487517176398
154,0.23801801492458266
155,0.23791255003112133
156,0.23780845509021714
157,0.23770570529351606
158,0.2376042764086586
159,0.23750414476301596
160,0.23740528722796353
161,0.23730768120366974
162,0.23721130460437923
163,0.23711613584417537
164,0.23702215382320171
165,0.23692933791432805
166,0.2368376679502432
167,0.2367471242109604
168,0.236657687411718
169,0.23656933869126465
170,0.2364820596005136
171,0.23639583209155046
172,0.23631063850698786
173,0.23622646156964763
174,0.2361432843725652
175,0.23606109036930004
176,0.23597986336454466
177,0.2358995875050206
178,0.23582024727065193
179,0.23574182746600392
180,0.2356643132119828
181,0.23558768993778437
182,0.2355119433730803
183,0.23543705954044328
184,0.2353630247479902
185,0.23528982558224762
186,0.23521744890122395
187,0.2351458818276856
188,0.23507511174263088
189,0.23500512627894957
190,0.23493591331526897
191,0.23486746096997677
192,0.23479975759541274
193,0.2347327917722297
194,0.23466655230391292
195,0.23460102821145426
196,0.23453620872817724
197,0.23447208329470784
198,0.23440864155408467
199,0.23434587334700666
200,0.2342837687072098
201,0.23422231785697523
202,0.23416151120275874
203,0.23410133933093935
204,0.23404179300368486
205,0.23398286315493028
206,0.2339245408864625
207,0.23386681746411356
208,0.23380968431405397
209,0.23375313301918493
210,0.2336971553156283
211,0.2336417430893077
212,0.23358688837262048
213,0.23353258334119745
214,0.23347882031074707
215,0.2334255917339825
216,0.23337289019762728
217,0.23332070841949917
218,0.23326903924566977
219,0.23321787564769556
220,0.2331672107199208
221,0.23311703767684847
222,0.23306734985057861
223,0.23301814068830987
224,0.23296940374990618
225,0.23292113270552217
226,0.23287332133328867
227,0.23282596351705684
228,0.23277905324419584
229,0.23273258460344742
230,0.232686551782831
231,0.23264094906760138
232,0.23259577083825625
233,0.23255101156859065
234,0.23250666582380064
235,0.23246272825863154
236,0.2324191936155693
237,0.2323760567230794
238,0.23233331249388114
239,0.2322909559232701
240,0.23224898208747427
