1,0.8298752358928323
2,0.7993982137739658
3,0.7673670344799757
4,0.7403697600960731
5,0.7177022021263838
6,0.6985930847376585
1,0.6207207875698805
2,0.6010014896467328
3,0.5816758258268238
4,0.5648763633146882
5,0.5502889157086611
6,0.5375970135629177
1,0.45824671670794487
2,0.4263827147334814
3,0.4044302980788052
4,0.38474755180999637
5,0.3664575134124607
6,0.35014807975152507
1,0.6131944229267537
2,0.45421463674400003
3,0.4336722046788782
4,0.4166884967405349
5,0.4019921620935202
6,0.3892830948904157
7,0.37826061485335233
8,0.3686614617705345
9,0.36026228096336127
10,0.3528741814568639
11,0.3463388786278665
12,0.3405244002304971
13,0.3353214634954929
14,0.3306379996985197
15,0.3263987680710852
16,0.32254079475067554
17,0.3190116121713072
18,0.31576738121919334
19,0.3127718268800527
20,0.3099931182060391
21,0.3074056374002248
22,0.3049872783571482
23,0.3027192421769723
24,0.3005854640947655
25,0.29857263184618205
26,0.2966679445467889
27,0.2948616010509431
28,0.29314469018485395
29,0.2915094318985939
30,0.2899490108992904
31,0.2884579094452783
32,0.28702991000376643
33,0.28566079736221583
34,0.2843463881732896
35,0.28308297152863815
36,0.28186720286728817
37,0.2806965355272405
38,0.2795673374715261
39,0.2784776117396541
40,0.2774251162679866
41,0.2764078147383407
42,0.27542383493622763
43,0.2744719313248061
44,0.27354959898395464
45,0.2726558386615943
46,0.2717893069249112
47,0.2709487502311822
48,0.27013299692072906
49,0.26934143421123735
50,0.2685721089551225
51,0.26782454280997625
52,0.2670978375757113
53,0.2663911517360248
54,0.26570370434317736
55,0.2650352026417386
56,0.26438401779159904
57,0.26374994723708367
58,0.26313235666486434
59,0.2625306465674657
60,0.26194425494992174
61,0.26137309179350265
62,0.26081572016177235
63,0.26027211133565287
64,0.25974180056422486
65,0.25922433064843065
66,0.25871927858504934
67,0.2582267012854572
68,0.25774527559929994
69,0.2572750939539401
70,0.2568157965823775
71,0.2563670340029057
72,0.25592848169209903
73,0.25550028302503053
74,0.25508120625745506
75,0.25467142448731467
76,0.25427065006166233
77,0.25387862069066613
78,0.25349507510865804
79,0.2531202200992266
80,0.25275289012439317
81,0.2523933192246477
82,0.2520412790233968
83,0.25169655577454253
84,0.251358945563552
85,0.2510287057506503
86,0.25070471315062604
87,0.25038725143997
88,0.25007613934663825
89,0.2497712008745293
90,0.24947226446020068
91,0.24917963546919053
92,0.24889223173027858
93,0.24861035956666455
94,0.24833387694321574
95,0.2480626417392341
96,0.24779651522650967
97,0.2475358316724305
98,0.247279528137733
99,0.24702795361852622
100,0.24678098174015758
101,0.24653850026836152
102,0.24630039162148024
103,0.2460670148882491
104,0.2458373289354495
105,0.24561170772518381
106,0.24539004712947643
107,0.24517224653420272
108,0.24495821512056865
109,0.24474833131826018
110,0.24454157127125653
111,0.24433831957823712
112,0.2441384892007045
113,0.24394200772439945
114,0.24374878915848966
115,0.24355922375412775
116,0.24337231560290093
117,0.24318845246052662
118,0.24300756972661475
119,0.2428295945708669
120,0.24265447152960407
121,0.24248259588101065
122,0.2423129705314932
123,0.2421460067057342
124,0.2419816459329013
125,0.24181983337912244
126,0.24166051216743653
127,0.24150409472567844
128,0.241349600028625
129,0.24119744110445027
130,0.24104756863293006
131,0.24089993362213136
132,0.24075449368319823
133,0.2406116657891107
134,0.2404704712738021
135,0.24033133724078654
136,0.24019422396086157
137,0.24005908508886933
138,0.23992588309021812
139,0.23979504736926174
140,0.23966560421449684
141,0.23953798994698444
142,0.23941216056537087
143,0.23928808786360606
144,0.23916573013448214
145,0.23904552380627136
146,0.23892650880490693
147,0.23880911496904444
148,0.2386933124852658
149,0.23857907235400488
150,0.23846636128222598
151,0.23835562236061378
152,0.23824589203184587
153,0.23813761068617167
154,0.23803074471950822
155,0.23792528061272605
156,0.23782118510178407
157,0.23771890126889048
158,0.23761746984986531
159,0.23751733661578328
160,0.23741847886209144
161,0.23732086999436433
162,0.23722449486649566
163,0.23712979121704847
164,0.23703580500427052
165,0.23694298753500334
166,0.2368513149886712
167,0.23676077126932796
168,0.23667133657523665
169,0.23658345528114297
170,0.23649617113718704
171,0.23640994228475393
172,0.23632474920905225
173,0.23624057054767036
174,0.23615739336430125
175,0.23607566624034007
176,0.2359944343490315
177,0.23591415459999554
178,0.23583481870080505
179,0.23575639400924048
180,0.23567888089815825
181,0.23560272251172137
182,0.2355269751718879
183,0.23545209168327347
184,0.23537805454836416
185,0.23530485316245175
186,0.2352324759728799
187,0.23516137739532497
188,0.23509060467655218
189,0.23502062008858046
190,0.2349514047199773
191,0.2348829528796159
192,0.23481524766157236
193,0.23474874502608145
194,0.23468250321933737
195,0.23461697944192564
196,0.23455215706226226
197,0.23448803350285743
198,0.23442459320112902
199,0.23436228823833516
200,0.2343001808306508
201,0.23423872954652325
202,0.2341779228890846
203,0.23411774906719074
204,0.23405820234715066
205,0.2339997411950935
206,0.23394141715181832
207,0.23388369260601394
208,0.23382655797853658
209,0.23377000565680647
210,0.23371402848741127
211,0.2336590784832333
212,0.23360422090107022
213,0.23354991707514272
214,0.23349615222796274
215,0.2334429221978644
216,0.2333902187111562
217,0.23333850340213758
218,0.23328683013421142
219,0.2332356659499419
220,0.23318500192188366
221,0.23313482758638202
222,0.23308513887973276
223,0.23303639099915927
224,0.232987650336172
225,0.23293938270545367
226,0.23289157057592091
227,0.23284421052735524
228,0.2327973004145133
229,0.23275130213351075
230,0.23270526365078695
231,0.23265965951919498
232,0.2326144786924033
233,0.23256972099732592
234,0.23252537584413402
235,0.23248190370831254
236,0.23243836596767323
237,0.23239523038995685
238,0.2323524838013509
239,0.23231012743087376
240,0.23226815203552179
