1,32.54851089477539
2,28.91297264099121
3,24.93012943267822
4,20.947645568847655
5,16.968018140792847
6,12.992607727050782
1,20.05974952697754
2,19.7767395401001
3,19.289147205352783
4,18.801554794311524
5,18.313962516784667
6,17.826370182037355
1,39.53357486724853
2,32.04978681564331
3,24.127201557159424
4,16.204608192443846
5,8.282009811401368
6,1.17939932534915
1,8.384118356704711
2,1.558894067085057
3,0.0013777037114778069
4,0.0013757476565660909
5,0.0013737917949038093
6,0.0013718360851635225
7,0.0018308102994342335
8,0.0018274464685237035
9,0.0018255474581383168
10,0.0018236484691442456
11,0.0018217495159478859
12,0.001819850661995588
13,0.0022792181334807537
14,0.0022759102119016463
15,0.0022740670638449955
16,0.0022722239531867672
17,0.0022703809886297677
18,0.0022685379917675164
19,0.0027282883242878597
20,0.002725034277245868
21,0.002723244933731621
22,0.0027214557118713854
23,0.0027196665694646073
24,0.0027178776159416883
25,0.0031779997350531632
26,0.0031747995046316644
27,0.0031730641782633027
28,0.0031713289287290535
29,0.0031695936917094515
30,0.003167858537635766
31,0.0036283430252660766
32,0.0036251932869345183
33,0.0036235081682752935
34,0.0036218232754981726
35,0.0036201385820822905
36,0.003618453884300834
37,0.004079288361463113
38,0.004076188696708414
39,0.004074554033777531
40,0.004072919434602227
41,0.004071285035370238
42,0.004069650712372095
43,0.004530825207766611
44,0.004527773960580817
45,0.004526187523733825
46,0.004524601032098872
47,0.004523014884834992
48,0.004521428656371427
49,0.004982931685299263
50,0.004979926272353623
51,0.004978385860158596
52,0.00497684562811628
53,0.004975305527841556
54,0.004973765480535804
55,0.005435586207895539
56,0.005432626061519841
57,0.0054311306748422794
58,0.005429635441687424
59,0.005428140374569921
60,0.005426645463885506
61,0.005888772509351838
62,0.005885855638334761
63,0.005884403610252775
64,0.005882951759267598
65,0.005881499973911559
66,0.005880048431281466
67,0.006342471725365613
68,0.006339597489568405
69,0.006338187901128549
70,0.006336778693948873
71,0.006335369336011354
72,0.006333960345364176
73,0.006796668590395711
74,0.0067938335327198725
75,0.006792463468445931
76,0.006791093444044236
77,0.006789723561378196
78,0.006788353740121238
79,0.007251334143802524
80,0.007248537351260893
81,0.007247205666499212
82,0.007245873863284942
83,0.0072445426756166855
84,0.007243211365130264
85,0.00770645506301662
86,0.007703696577809751
87,0.007702402880531736
88,0.007701109326735605
89,0.007699815690866672
90,0.007698521963029634
91,0.0081620171997929
92,0.008159295255318284
93,0.00815803837380372
94,0.008156781396828593
95,0.008155524894827976
96,0.008154268042417243
97,0.008618005252210424
98,0.00861531593312975
99,0.00861409131961409
100,0.008612866997136735
101,0.008611642702599056
102,0.008610418590833432
103,0.009074384351843037
104,0.009071727383416146
105,0.009070534878992476
106,0.009069342923467047
107,0.00906815067282878
108,0.00906695879297331
109,0.009531142363557591
110,0.009528515632264317
111,0.009527353565790691
112,0.009526191818877124
113,0.009525030133663676
114,0.009523868514806964
115,0.009988257403019816
116,0.009985656855860725
117,0.009984521217411384
118,0.009983385834493675
119,0.009982250660541467
120,0.009981115738046355
121,0.01044569912017323
122,0.010443127817707136
123,0.010442021586350166
124,0.010440915139042772
125,0.010439808918163181
126,0.010438703313702717
127,0.010903471453348175
128,0.010900924601010047
129,0.010899842594517395
130,0.010898760712589137
131,0.010897678481414914
132,0.010896596875973046
133,0.011361535682808607
134,0.011359013639739714
135,0.011357956504216418
136,0.011356899405363947
137,0.011355842394405045
138,0.011354785377625376
139,0.011819886012817733
140,0.01181738509098068
141,0.011816349077271297
142,0.011815313702682033
143,0.01181427767558489
144,0.011813242390635423
145,0.012278493468184024
146,0.012276015809038653
147,0.012275002970127388
148,0.012273990249959753
149,0.012272977117681876
150,0.012271964356768876
151,0.012737354881828651
152,0.012734896579058842
153,0.012733902833424508
154,0.012732909389305859
155,0.012731915541226045
156,0.012730921721085905
157,0.013196439002640545
158,0.013193997186608613
159,0.013193020274629817
160,0.013192043284652755
161,0.013191066782455891
162,0.013190089826239274
163,0.013655726029537619
164,0.013653300626901909
165,0.013652340457774699
166,0.01365138053894043
167,0.013650420738849789
168,0.013649460891028866
169,0.014115201317472383
170,0.01411278909421526
171,0.014111841779667884
172,0.014110894529148937
173,0.014109947338001803
174,0.0141089997603558
175,0.01457483293605037
176,0.014572431520791724
177,0.014571494603296741
178,0.014570557809202
179,0.014569620963884517
180,0.01456868460518308
181,0.015034600157523528
182,0.015032210688805208
183,0.015031286291778087
184,0.015030362302204593
185,0.015029438013443723
186,0.01502851371653378
187,0.015494499230990187
188,0.015492118357215076
189,0.015491202570265159
190,0.015490286780986936
191,0.015489371531875804
192,0.01548845608253032
193,0.015954501321539284
194,0.015952127226628362
195,0.01595121845602989
196,0.015950309130130336
197,0.015949400163954124
198,0.015948491420131175
199,0.016414583186851815
200,0.016412213081493973
201,0.016411307555390522
202,0.016410402117762714
203,0.016409496802370995
204,0.016408591313520446
205,0.016874718798790128
206,0.016872354205697774
207,0.016871454131323845
208,0.016870554190827534
209,0.016869654782349242
210,0.016868755088653417
211,0.01733490753918886
212,0.017332544554956256
213,0.01733164596138522
214,0.017330747429514303
215,0.01732984974863939
216,0.01732895209454
217,0.017795117469504476
218,0.017792755130212754
219,0.017791857823031023
220,0.01779096083715558
221,0.017790064214495943
222,0.01778916734736413
223,0.018255337313748895
224,0.018252974655479193
225,0.018252076111966744
226,0.018251178020145743
227,0.01825028014718555
228,0.018249381972709672
229,0.01871554053388536
230,0.01871317362645641
231,0.018712271662661806
232,0.018711369656957685
233,0.01871046772808768
234,0.01870956605533138
235,0.019175706050591542
236,0.019173340840497984
237,0.01917244068114087
238,0.01917154011549428
239,0.019170639681397005
240,0.01916973938117735
