1,1.2816241906086603
2,1.1278522391120593
3,0.3983367226521174
4,0.2291737702054282
5,0.20271780878305434
6,0.18547334283590317
7,0.17303786670168242
8,0.16072472376128039
9,0.1439010185096413
10,0.12834606830651563
11,0.11474651849518219
12,0.10628294125509759
13,0.09487801276147366
14,0.08593368701326351
15,0.08000307046497862
16,0.07357241159460197
17,0.0697640455669413
18,0.06283999316549549
19,0.058677832311950624
20,0.0562408610037528
21,0.05092535926649968
22,0.048190015914539495
23,0.044722694485293084
24,0.042893555669579655
25,0.0420144912134856
26,0.03921360588554914
27,0.03772348598538277
28,0.03604849401783819
29,0.03398597728111781
30,0.03408668954235812
31,0.03221386469590167
32,0.03127708235833173
33,0.030317345746249582
34,0.029185115004656835
35,0.028702449686437224
36,0.027061356543175256
37,0.025819586848374456
38,0.024895835934051622
39,0.025816553336723398
40,0.02359174239973072
