1,57140.14100260416
2,57241.41865234375
3,57248.31319661458
4,57256.568873697914
5,57263.97268880208
6,57270.10021484375
7,57276.56131510417
8,57282.16005208333
9,57289.5628515625
10,57295.03635416667
11,57301.929915364584
12,57310.89393229166
13,57317.67521484375
14,57324.263059895835
15,57331.303248697914
16,57339.647298177086
17,57346.09076171875
18,57353.3734765625
19,57361.236907552084
20,57367.5009375
21,57375.53509114583
22,57382.644192708336
23,57392.45458333333
24,57397.84916015625
25,57405.90919921875
26,57411.60068359375
27,57421.412688802084
28,57429.00990885417
29,57435.70775390625
30,57442.78194010416
31,57450.142063802086
32,57456.969811197916
33,57464.88396484375
34,57471.1848046875
35,57479.106744791665
36,57487.154270833336
37,57494.30876302083
38,57500.91447265625
39,57509.79787109375
40,57515.288736979164
