0,77.125
1,84.025
2,87.015
3,88.885
4,89.75
5,90.55
6,91.165
7,91.5
8,91.765
9,92.015
10,92.33
11,92.545
12,92.765
13,92.885
14,93.14
15,93.245
16,93.445
17,93.545
18,93.665
19,93.705
20,93.82
21,93.81
22,93.96
23,94.02
24,94.145
25,94.165
26,94.185
27,94.275
28,94.21
29,94.31
30,94.365
31,94.43
32,94.45
33,94.54
34,94.57
35,94.615
36,94.665
37,94.67
38,94.71
39,94.805
40,94.835
41,94.845
42,94.875
43,94.865
44,94.905
45,95.0
46,95.0
47,95.04
48,95.065
49,95.035
50,95.1
51,95.14
52,95.2
53,95.22
54,95.18
55,95.25
56,95.33
57,95.365
58,95.36
59,95.43
60,95.39
61,95.415
62,95.46
63,95.5
64,95.47
65,95.48
66,95.52
67,95.525
68,95.57
69,95.56
70,95.545
71,95.585
72,95.585
73,95.615
74,95.61
75,95.66
76,95.625
77,95.48
78,95.44
79,95.64
