0,1.4142604807019235
1,1.1040334538618723
2,0.9921065868933996
3,0.8847860373059908
4,0.7828378114104271
5,0.6908279286821684
6,0.6126842351257801
7,0.5475774768491586
8,0.494467028627793
9,0.45093854834636055
10,0.4151358334720135
11,0.3860502695540587
12,0.3627924547344446
13,0.3422247705111901
14,0.32541863235334556
15,0.31188467788199586
16,0.29839379544059436
17,0.28674421315391857
18,0.2777395974844694
19,0.268722610399127
20,0.2604950386285782
21,0.2535398790736993
22,0.2468143333370487
23,0.24114100164423385
24,0.23580524643262227
25,0.2308562341456612
26,0.22632647284617027
27,0.22214678164571525
28,0.21821231310566266
29,0.2147278218716383
30,0.21153014952937763
31,0.2083041417102019
32,0.20499357099334398
33,0.20230230112870534
34,0.1996197547763586
35,0.19712456218898297
36,0.1945657467842102
37,0.1921726323912541
38,0.18994252641374867
