1,0.6408163734844753
2,0.6581633069685527
3,0.6775510609149933
4,0.7193877952439445
5,0.6928571888378688
6,0.7102041414805821
7,0.7204082097326007
8,0.7336735129356384
9,0.7397959636790412
10,0.7520408587796348
11,0.7357143206255776
12,0.760204125727926
13,0.768367377775056
14,0.7755102430071149
15,0.7755102557795388
16,0.7602041470152991
17,0.7734694268022265
18,0.7785714737006596
19,0.7857143325465066
20,0.7877551508801324
21,0.7918367854186467
22,0.7908163709299905
23,0.7867347470351628
24,0.7857143325465066
25,0.7969388280596051
26,0.7938775973660606
27,0.8061224945953914
28,0.7928571913923536
29,0.7969388280596051
30,0.794898007597242
31,0.7897959692137582
32,0.7959184220858982
33,0.802040866443089
34,0.802040866443089
35,0.7989796485219683
36,0.8000000502382006
37,0.7989796442644936
38,0.7979592297758374
39,0.796938819544656
40,0.8051020928791591
41,0.8102041227476937
42,0.8071429133415222
43,0.8000000459807259
44,0.7938775973660606
45,0.8061224945953914
