1,0.43749131633404115
2,0.2938798416220365
3,0.2520938610008622
4,0.22958174814609275
5,0.39605770491320513
6,0.2144047628046224
7,0.18530890781617942
8,0.1701426168197188
9,0.19226219616402154
10,0.18077206985589644
11,0.16658930547563966
12,0.15689168727717637
13,0.15125477623722564
14,0.14204007659064627
15,0.13897590054434605
16,0.13301274331707608
17,0.14401266507633115
18,0.1397430337822757
19,0.13484102828692202
20,0.13155775182520063
21,0.12979151758854188
22,0.12282628676643545
23,0.12244878191914824
24,0.1155733400242139
25,0.1213711987345897
26,0.12194705062984736
27,0.11978087123212229
28,0.11666088882419798
29,0.11246965228226678
30,0.11068937604554654
31,0.1090821946803409
32,0.11383578143442956
33,0.10990996498229175
34,0.10683973941067056
35,0.106888964529581
36,0.10348108737690238
37,0.1039404272783362
38,0.10029357135781154
39,0.09911065210028056
40,0.10427520190048035
41,0.09889252391069328
42,0.0990108962374172
43,0.09498456596143515
44,0.35062048579227195
45,0.09984846043104299
