1,0.43624482221073574
2,0.29388033119083823
3,0.2520950014107072
4,0.2295835989873528
5,0.39606040620541205
6,0.21440807216126342
7,0.18531300978899232
8,0.17014739897915687
9,0.19226789769941363
10,0.18077850936273276
11,0.16659660341210977
12,0.15689964219927788
13,0.15126332470797488
14,0.1420493780481861
15,0.13898592921851696
16,0.13302362306307558
17,0.1440244241192994
18,0.1397554680876348
19,0.1348543151271069
20,0.13157172169236617
21,0.12980624820708772
22,0.12284169112728245
23,0.1224650261688164
24,0.11559042758468924
25,0.12138920324458473
26,0.12196577911290173
27,0.1198004145118126
28,0.11668124158377849
29,0.11249033058369068
30,0.11071113211555957
31,0.10910468238452271
32,0.11385927129522594
33,0.10993427861039437
34,0.10686481214874206
35,0.1069145772563315
36,0.1035076659529602
37,0.10396778734465098
38,0.10032165946503138
39,0.0991397745785985
40,0.10430498722355484
41,0.0989232957791323
42,0.09904233783026764
43,0.09501671485631402
44,0.3506520295594159
45,0.09988207405012
