0,2.1865524049060547
1,1.8505303773317807
2,1.7006455383924872
3,1.6105651852889857
4,1.5443605925341823
5,1.4898421915883693
6,1.4439306308798947
7,1.3996865860251493
8,1.3603730402874779
9,1.3220427207459367
10,1.2830168660619312
11,1.2485503201680677
12,1.2127597987039338
13,1.1788255780564572
14,1.1450564379044776
15,1.1112922049007137
16,1.0801101464913174
17,1.0483651792700062
18,1.017720844953237
19,0.9897563018754987
20,0.9614821863277594
21,0.9343411585587047
22,0.9082978607964812
23,0.8863139001016942
24,0.8641620376356361
25,0.8429966374885204
26,0.8250576541061463
27,0.8074138925615809
28,0.7874437302044754
29,0.7746569682224949
30,0.7559063218296251
31,0.743108360589421
32,0.7285729530632593
33,0.7156742446612125
34,0.7046656178873639
35,0.6932256452259726
36,0.6819887123538585
37,0.6732081004965944
38,0.6637799862012662
39,0.6557790849613718
40,0.6452439661893798
41,0.6342026631918516
42,0.6278271765209907
43,0.62174196359981
44,0.6114522109262488
