0,0.11643591994726205
1,0.1795490534056591
2,0.1579905075928833
3,0.21586234622363804
4,0.2081685169965406
5,0.2323575985582569
6,0.2416732643224016
7,0.24011076326611674
8,0.2501384527245654
9,0.25690269545663763
10,0.24517405485805077
11,0.24420490842076797
12,0.24422468546825118
13,0.23888449842416787
14,0.2413765884275678
15,0.24821993802921682
16,0.24651899179325829
17,0.2361748450541798
18,0.24600475064561336
19,0.24816060613227797
20,0.2236550661581981
21,0.22654272483873972
22,0.2395371868263317
23,0.23075554189802724
24,0.2328916176964965
25,0.23113133484804177
26,0.23350475068333781
27,0.22978639602661133
28,0.2292919336240503
29,0.22782832629318478
30,0.22857990860939026
31,0.22458465661429153
32,0.22432753424855728
33,0.22407041518371315
34,0.22078718886345247
35,0.22960838939570175
36,0.214398736629305
37,0.22996440133716486
38,0.23016218595866916
39,0.22280459502075292
40,0.22672073222413847
41,0.22814478206483624
42,0.22450554050222227
43,0.22227057380766807
44,0.2231803834438324
