0,1.4142604807019235
1,1.1040334538618723
2,0.9921065868933996
3,0.8847860373059908
4,0.7828378114104271
5,0.6908279286821684
6,0.6126842351257801
7,0.5475774768491586
8,0.494467028627793
9,0.45093854834636055
10,0.4151358334720135
11,0.3860502695540587
12,0.3627924547344446
13,0.3422247705111901
14,0.32541863235334556
15,0.31188467788199586
16,0.29839379544059436
17,0.28674421315391857
18,0.2777395974844694
19,0.268722610399127
20,0.2604950386285782
21,0.2535398790736993
22,0.2468143333370487
23,0.24114100164423385
24,0.23580524643262227
25,0.2308562341456612
26,0.22632647284617027
27,0.22214678164571525
28,0.21821231310566266
29,0.2147278218716383
30,0.21153014952937763
31,0.2083041417102019
32,0.20499357099334398
33,0.20230230112870534
34,0.1996197547763586
35,0.19712456218898297
36,0.1945657467842102
37,0.1921726323912541
38,0.18994252641374867
38,0.18990545962005853
39,0.18792158659547567
40,0.18617149855320653
41,0.18414766122897466
42,0.18251450618108114
43,0.18067497409880162
44,0.17877975945671398
45,0.17712132728348176
46,0.17548410679524143
47,0.1739061631510655
48,0.1724151618902882
49,0.17096874529495834
50,0.1695645315448443
51,0.16821010210861762
52,0.16692941299950084
53,0.16564494871844848
54,0.16438461132968465
55,0.16320012139777343
56,0.16204097777605056
57,0.1609053918905556
58,0.15980787230034668
59,0.15873642574374874
60,0.1576632018821935
61,0.15661737797160943
62,0.15559828284506996
63,0.15462537459097803
64,0.15366588423028588
65,0.15271399506678185
66,0.15177522771681348
67,0.15089221336568395
68,0.14999955074240764
69,0.14914839178944628
70,0.14828151628375053
71,0.14742204458763203
72,0.14660100573052962
73,0.14579814463232954
74,0.14498679319396615
75,0.14420808312793573
76,0.14344793991496166
77,0.14266969541087746
78,0.14194771352534494
79,0.14118548661780855
80,0.1405011387790243
81,0.13977105948142707
82,0.13906066502444447
83,0.13838776169344782
84,0.13770038256421685
85,0.1370272353477776
86,0.13637471856549382
87,0.1357418817964693
88,0.13507937027762335
89,0.1344434489309788
90,0.13382893483154476
91,0.13320513168970743
92,0.13259943838541707
93,0.13199184966584046
94,0.13138160355389117
95,0.1307930869733294
96,0.13021791848664482
97,0.12964176420122386
98,0.12906730169430375
99,0.1285021786019206
