1,0.21038691912378585
2,0.22846232035330363
3,0.24171628590141023
4,0.2463789844796771
5,0.252073429170109
6,0.25731152579897926
7,0.25944446417547407
8,0.26170636748983744
9,0.26581351104236783
10,0.2683432723085086
11,0.27098216187386287
12,0.2691468443898928
13,0.2713690662667865
14,0.27340279661473776
15,0.27181549547683626
16,0.27285716044051306
17,0.2712301778651419
18,0.2708928755351475
19,0.27379961702085676
20,0.2725297783811887
21,0.271200414569605
22,0.27174604896988186
23,0.27055557249557405
24,0.2697222392473902
25,0.2702579562153135
26,0.2696428742437136
27,0.26993057273683096
28,0.2694841477842558
29,0.2695337502019746
30,0.2679762056186086