1,0.9754667343766686
2,0.881313888339055
3,0.8091658781209605
4,0.7528459517134375
5,0.709627136917938
6,0.676677735835221
1,0.8640362164178399
2,0.7909046354478629
3,0.7580666825110057
4,0.7314520867370543
5,0.7100264986179586
6,0.6927699936583822
1,0.8917172039953052
2,0.6538039563786147
3,0.6326436318852324
4,0.6149283941813892
5,0.6006473586967473
6,0.5890590165728176
1,0.6972395641259698
2,0.6091618457123116
3,0.582496670040588
4,0.5579177758488931
5,0.5369430740442204
6,0.5191700019740528
7,0.5041367982220355
8,0.4914219120757678
9,0.48065499207270557
10,0.47151815944423026
11,0.4637429962504166
12,0.45710532084720873
13,0.45141915177995323
14,0.44653073061041076
15,0.4423130684862383
16,0.4386612090862823
17,0.4354882386502913
18,0.4327219895889525
19,0.4303023487249036
20,0.4281790733375475
21,0.42631002412925667
22,0.42465973589024864
23,0.4231982596426604
24,0.4219002222798169
25,0.4207440603393455
26,0.41971139336928837
27,0.4187865094808402
28,0.417955941363144
29,0.41720811552090326
30,0.4165330610212641
31,0.415922166804405
32,0.415367978787312
33,0.41486402970338854
34,0.4144046959744005
35,0.4139850769854134
36,0.4136008929892917
37,0.41324839855244727
38,0.41292430900439037
39,0.4126257377985659
40,0.4123501430528822
41,0.4120952818323322
42,0.41185917097655
43,0.4116400534724999
44,0.41143636953509904
45,0.4112467316929528
46,0.41106990328778126
47,0.41090477988877505
48,0.41075037320035007
49,0.4106057971063313
50,0.4104702555477084
51,0.4103430319765304
52,0.41022348016674753
53,0.41011101619506235
54,0.4100051114320869
55,0.4099052864071784
56,0.4098111054298752
57,0.4097221718674735
58,0.4096381239924077
59,0.4095586313251496
60,0.4094833914086098
61,0.4094121269588081
62,0.40934458334408746
63,0.40928052635159706
64,0.40921974020528173
65,0.4091620258043702
66,0.40910719915542737
67,0.4090550899745712
68,0.40900554043946136
69,0.40895840407330813
70,0.4089135447454008
71,0.4088708357746128
72,0.4088301591240452
73,0.40879140467643504
74,0.4087544695812324
75,0.4087192576653692
76,0.4086856789006976
77,0.4086536489219265
78,0.40862308858961854
79,0.40859392359344554
80,0.40856608409146683
81,0.40853950438168674
82,0.4085141226025664
83,0.40848988045955564
84,0.40846672297503345
85,0.40844459825933677
86,0.4084234573008152
87,0.4084032537730763
88,0.40838394385777377
89,0.4083654860814865
90,0.40834784116537004
91,0.4083309718864129
92,0.40831484294924225
93,0.4082994208675474
94,0.40828467385425815
95,0.408270571719728
96,0.40825708577723013
97,0.40824418875514695
98,0.4082318547152941
99,0.40822005897687336
100,0.40820877804559297
101,0.4081979895475486
102,0.4081876721674758
103,0.4081778055910443
104,0.4081683704508684
105,0.4081593482759671
106,0.40815072144439696
107,0.40814247313883484
108,0.40813458730488783
109,0.4081270486119356
110,0.408119842416321
111,0.40811295472673026
112,0.40810637217159623
113,0.40810008196840397
114,0.4080940718947501
115,0.4080883302610534
116,0.4080828458847954
117,0.4080776080661992
118,0.40807260656524436
119,0.4080678315799411
120,0.4080632737257772
121,0.4080589240162629
122,0.40805477384451416
123,0.4080508149657991
124,0.40804703948099885
125,0.40804343982091873
126,0.4080400087314069
127,0.4080367392592282
128,0.40803362473864946
129,0.4080306587786964
130,0.40802783525104247
131,0.40802514827849284
132,0.40802259222403464
133,0.40802016168041433
134,0.4080178514602191
135,0.40801565658643213
136,0.4080135722834369
137,0.4080115939684453
138,0.4080097172433262
139,0.4080079378868177
140,0.40800625184709494
141,0.40800465523468554
142,0.4080031443157004
143,0.40800171550538133
144,0.40800036536193246
145,0.40799909058063233
146,0.4079978879882079
147,0.4079967545374574
148,0.40799568730211244
149,0.4079946834719232
150,0.4079937403479609
151,0.40799285533812224
152,0.40799202595283035
153,0.4079912498009175
154,0.4079905245856903
155,0.40798984810115363
156,0.40798921822840356
157,0.40798863293216736
158,0.40798809025749144
159,0.40798758832656595
160,0.40798712533568504
161,0.4079866995523292
162,0.4079863093123722
163,0.40798595301740187
164,0.4079856291321483
165,0.40798533618202193
166,0.407985072750748
167,0.40798483747809966
168,0.407984629057722
169,0.4079844462350404
170,0.40798428780526225
171,0.40798415261144627
172,0.40798403954266066
173,0.4079839475322054
174,0.4079838755559118
175,0.4079838226305059
176,0.40798378781203637
177,0.40798377019436594
178,0.40798376890772176
179,0.4079837831173014
180,0.4079838120219337
181,0.40798385485279404
182,0.40798391087216457
183,0.4079839793722489
184,0.4079840596740265
185,0.40798415112615566
186,0.40798425310391745
187,0.40798436500819946
188,0.4079844862645189
189,0.40798461632208427
190,0.4079847546528913
191,0.4079849007508542
192,0.40798505413096997
193,0.4079852143285144
194,0.40798538089826947
195,0.4079855534137769
196,0.4079857314666247
197,0.40798591466575634
198,0.4079861026368103
199,0.40798629502147776
200,0.4079864914768935
201,0.4079866916750427
202,0.4079868953021919
203,0.4079871020583424
204,0.40798731165670427
205,0.4079875238231867
206,0.4079877382959133
207,0.4079879548247489
208,0.40798817317084973
209,0.4079883931062261
210,0.40798861441332546
211,0.4079888368846254
212,0.40798906032224835
213,0.4079892845375854
214,0.40798950935093714
215,0.40798973459116583
216,0.40798996009536287
217,0.4079901857085261
218,0.40799041128324964
219,0.4079906366794282
220,0.40799086176396765
221,0.40799108641051
222,0.4079913104991651
223,0.4079915339162583
224,0.40799175655408
225,0.4079919783106497
226,0.4079921990894876
227,0.4079924187993928
228,0.4079926373542327
229,0.4079928546727374
230,0.40799307067830454
231,0.4079932852988093
232,0.40799349846642113
233,0.4079937101174302
234,0.40799392019207653
235,0.40799412863438783
236,0.40799433539202445
237,0.4079945404161257
238,0.40799474366116706
239,0.4079949450848202
240,0.4079951446478159
