1,1.0128436811268329
2,0.9174573075026273
3,0.8436923184245825
4,0.7857565837353468
5,0.7409222536534071
6,0.7063576598465443
1,0.897252641171217
2,0.8228279057145119
3,0.7883388194441795
4,0.7600731091201305
5,0.7369964188337326
6,0.7180888232588768
1,0.9435871794819832
2,0.7009951562434434
3,0.6746102844178676
4,0.6516704681515694
5,0.632164695262909
6,0.6153515899926424
1,0.7126531840488315
2,0.624379600957036
3,0.5973601206578314
4,0.5724269411712885
5,0.5510979440994561
6,0.5329705714248121
7,0.5175826495885849
8,0.5045134629495442
9,0.4933922516927123
10,0.4839011204056442
11,0.4757716583274305
12,0.46877968514338136
13,0.46273879274725915
14,0.45749606400728227
15,0.4529241034574807
16,0.4489179506711662
17,0.445390677973628
18,0.4422701270505786
19,0.439495790656656
20,0.43701826786622405
21,0.43479497330263256
22,0.43279043287038804
23,0.4309747127443552
24,0.42932242741808296
25,0.42781158804893493
26,0.4264246727898717
27,0.42514553386718035
28,0.42396071895956994
29,0.42285864593461153
30,0.421829335950315
31,0.420863771662116
32,0.41995531568303707
33,0.4190970852971077
34,0.4182834756374359
35,0.4175095734372735
36,0.4167711093835533
37,0.41606390445493163
38,0.4153855314478278
39,0.41473306744359434
40,0.41410484387539326
41,0.41349904124625025
42,0.41291435254737735
43,0.41234916500747204
44,0.4118052280228585
45,0.4113097827322781
46,0.4110772568266839
47,0.4109120989777148
48,0.41075765755958854
49,0.4106126295309514
50,0.4104770493227988
51,0.41034979387186465
52,0.4102302068565041
53,0.41011770935729147
54,0.4100117715541273
55,0.40991149520501496
56,0.4098172784503549
57,0.4097283082362264
58,0.40964423021301627
59,0.40956470381468535
60,0.4094894298259169
61,0.4094177045859396
62,0.4093501245416701
63,0.40928603266365826
64,0.4092252174578607
65,0.4091674734093249
66,0.40911260978318753
67,0.40906004938296975
68,0.40901046166196464
69,0.4089632976707071
70,0.40891840256750583
71,0.40887565905228257
72,0.40883495410438625
73,0.4087957427604124
74,0.4087587748048827
75,0.40872352896723896
76,0.40868991614785044
77,0.408657856984064
78,0.40862726119346915
79,0.4085976393334568
80,0.4085697677731514
81,0.40854315533768387
82,0.40851774068083613
83,0.4084934690548107
84,0.408470276449807
85,0.4084476983966306
86,0.4084265215229243
87,0.4084062874875963
88,0.4083869470283389
89,0.40836845642887054
90,0.4083507791114971
91,0.4083334541134536
92,0.40831728810444473
93,0.40830183716490864
94,0.4082870572479442
95,0.4082729240553454
96,0.4082594074634835
97,0.40824606019072235
98,0.4082336909323931
99,0.40822186166886243
100,0.4082105470681563
101,0.4081997283035889
102,0.40818938363343477
103,0.40817905800882726
104,0.40816958804614845
105,0.40816053139511493
106,0.4081518787890673
107,0.40814359666313976
108,0.4081356834387407
109,0.4081276868516579
110,0.40812044659629465
111,0.4081135281268507
112,0.40810691379942
113,0.40810059398412707
114,0.408094552452676
115,0.4080883619980887
116,0.4080828438559547
117,0.40807757307309656
118,0.4080725426413119
119,0.4080677347863093
120,0.4080631456617266
121,0.40805834518745543
122,0.4080541550414637
123,0.40805016975384206
124,0.40804636051412674
125,0.4080427388148382
126,0.408039273028262
127,0.4080355525854975
128,0.40803239938337355
129,0.40802940478082744
130,0.4080265515157953
131,0.4080238355649635
132,0.4080212504183873
133,0.40801837395876644
134,0.40801602880470456
135,0.40801380513235924
136,0.4080116890929639
137,0.40800968031398954
138,0.40800777459982784
139,0.408005541395396
140,0.4080038179876283
141,0.40800219321623443
142,0.40800064826849847
143,0.40799919254146516
144,0.40799781497102233
145,0.4079960856726393
146,0.40799485048744827
147,0.40799368868116287
148,0.40799258719198406
149,0.4079915573913604
150,0.40799058419186623
151,0.40798924941103903
152,0.4079883839190006
153,0.4079875805648044
154,0.4079868278373033
155,0.40798612144775687
156,0.40798546583391726
157,0.40798442386556416
158,0.40798384822439404
159,0.40798331518657505
160,0.407982825236395
161,0.4079823708999902
162,0.4079819502774626
163,0.40798114219214765
164,0.407980782892555
165,0.40798046432901175
166,0.4079801746364683
167,0.40797990866936745
168,0.4079796745674685
169,0.4079790344601497
170,0.4079788471153006
171,0.4079786827741191
172,0.4079785421257839
173,0.4079784189350903
174,0.4079783178633079
175,0.4079778167419136
176,0.4079777426738292
177,0.407977700564079
178,0.407977670528926
179,0.40797765620052817
180,0.40797765338793396
181,0.40797724535223095
182,0.407977271778509
183,0.407977311136201
184,0.4079773648502305
185,0.40797743150498716
186,0.40797750137746336
187,0.40797716289758684
188,0.407977251149714
189,0.40797734949737785
190,0.4079774619312957
191,0.4079775808937848
192,0.40797770615667106
193,0.4079774098377675
194,0.40797754424624144
195,0.4079776896769181
196,0.4079778371192515
197,0.407977995807305
198,0.40797815333586185
199,0.4079778988379985
200,0.4079780638450757
201,0.4079782388266176
202,0.4079784133285284
203,0.4079785889340565
204,0.40797877742443234
205,0.4079785334225744
206,0.40797871447633954
207,0.40797890422400085
208,0.4079790948657319
209,0.4079792881477624
210,0.40797948218882085
211,0.40797925679478797
212,0.4079794448846951
213,0.407979644970037
214,0.40797983860131354
215,0.4079800381232053
216,0.4079802376171574
217,0.40798001393675803
218,0.407980207237415
219,0.40798040609806774
220,0.40798060316126794
221,0.4079808027390391
222,0.40798099922481923
223,0.4079807694070041
224,0.40798096036072823
225,0.40798115971963855
226,0.40798134974669664
227,0.4079815411334857
228,0.40798173179849984
229,0.4079814993822947
230,0.4079816850321367
231,0.40798187276814135
232,0.4079820580780506
233,0.40798224227502944
234,0.40798242949415
235,0.40798218249809
236,0.40798235445749015
237,0.40798253667540846
238,0.4079827138828114
239,0.40798288776073605
240,0.407983062104322
