1,37.37694820404053
2,36.1434204864502
3,34.52644233703613
4,32.91063488006592
5,31.295109310150146
6,29.679919128417968
1,33.21643323898316
2,31.923264999389648
3,30.27213966369629
4,28.62102508544922
5,26.969922256469726
6,25.318831005096435
1,51.869973220825194
2,47.191198387145995
3,41.96664478302002
4,36.74207118988037
5,31.51733808517456
6,26.292571144104002
1,15.413619289398193
2,15.21774694442749
3,14.86345362663269
4,14.509159803390503
5,14.154865598678589
6,13.800571002960204
7,13.445850448608399
8,13.091549987792968
9,12.737254018783569
10,12.382957487106323
11,12.028660612106323
12,11.674363222122192
13,11.319638376235963
14,10.96533522605896
15,10.611036472320556
16,10.256737337112426
17,9.902437744140625
18,9.548137826919556
19,9.193441524505616
20,8.839191131591797
21,8.484945249557494
22,8.130698761940003
23,7.776451902389526
24,7.4222045469284055
25,7.067529273033142
26,6.713276124000549
27,6.359027376174927
28,6.004778113365173
29,5.650528364181518
30,5.2962781524658205
31,4.941600642204285
32,4.587336106300354
33,4.2330575585365295
34,3.878778100013733
35,3.5244980025291444
36,3.170217354297638
37,2.81551043510437
38,2.4612241649627684
39,2.107327939271927
40,1.7546978199481964
41,1.4037593984603882
42,1.0551798695325851
43,0.7091147470474243
44,0.3688625064492226
45,0.06305103369464632
46,0.0073535781918326396
47,0.007320393387344666
48,0.007287253743852489
49,0.006830978026264347
50,0.0067930649488698695
51,0.0067600624304031956
52,0.006727101467549801
53,0.0066941869730362666
54,0.006661316648824141
55,0.006205309871584177
56,0.006167665132088587
57,0.006134927225066349
58,0.006102232622797601
59,0.006069585334626026
60,0.006036978933261708
61,0.0055812362837605175
62,0.005543855928699486
63,0.005511381055111997
64,0.00547895333613269
65,0.0054465672053629535
66,0.005414224762353115
67,0.004958739681751467
68,0.004921619498636573
69,0.004889402751578018
70,0.004857230445486494
71,0.004825101402238943
72,0.004793013061862439
73,0.004337783413939178
74,0.004300917330547236
75,0.004268954913713969
76,0.004237034976249561
77,0.004205157335964032
78,0.004173320797854103
79,0.0037183383863884957
80,0.003681720836320892
81,0.0036500065826112404
82,0.0036183334467932583
83,0.0035867010889342054
84,0.003555109780281782
85,0.003100371137261391
86,0.00306399779568892
87,0.0030325275158975275
88,0.003001097060041502
89,0.0029697065660730004
90,0.0029383570549543947
91,0.0024838580266805365
92,0.002447726156678982
93,0.0024164956028107556
94,0.0023853043786948545
95,0.0023541523091262207
96,0.0023230390436947347
97,0.001868773878668435
98,0.001832876984262839
99,0.001801880765124224
100,0.001770921941497363
101,0.0017400034720776603
102,0.0017091214912943542
103,0.001255086269811727
104,0.001219420952256769
105,0.0011886541091371329
106,0.0011579255684046074
107,0.0011272343940800056
108,0.0010965825460152701
109,0.0006427716615144164
110,0.0006073306925827637
111,0.0005767893150914461
112,0.0005462848412571475
113,0.0005158191139344126
114,0.0004853880708105862
115,3.179854596965015e-05
116,-3.421350265853107e-06
117,-3.374331165105105e-05
118,-6.402873201295733e-05
119,-9.427644778043032e-05
120,-0.00012448770576156676
121,-0.0005778622522484511
122,-0.0006128651712788269
123,-0.0006429689296055585
124,-0.0006730369530851022
125,-0.0007030687876977027
126,-0.0007330662594176829
127,-0.001186229427694343
128,-0.0012210190470796078
129,-0.0012509113393025474
130,-0.0012807683472055942
131,-0.0013105910742888228
132,-0.0013403793389443308
133,-0.0017933345929486678
134,-0.0018279166449792683
135,-0.0018576015456346795
136,-0.0018872520560398699
137,-0.0019168696459382773
138,-0.0019464509323006496
139,-0.0023992038698634134
140,-0.0024335821473505347
141,-0.00246306381362956
142,-0.00249251130502671
143,-0.0025219260342419147
144,-0.0025513080408563838
145,-0.003003862896002829
146,-0.003038042146945372
147,-0.003067327244207263
148,-0.0030965779279358684
149,-0.003125796223175712
150,-0.0031549824186367912
151,-0.0036073439626488836
152,-0.0036413274554070087
153,-0.003670415770029649
154,-0.0036994732049060986
155,-0.0037284974759677425
156,-0.0037574910809053106
157,-0.0042096646066056564
158,-0.004243457590346225
159,-0.004272357482113876
160,-0.004301224909722805
161,-0.004330063040251844
162,-0.004358868663548492
163,-0.004810854282113724
164,-0.004844461820903234
165,-0.004873176147812046
166,-0.004901858822559006
167,-0.00493050993187353
168,-0.004959132525254972
169,-0.005410936903790571
170,-0.0054443624650593846
171,-0.005472895245184191
172,-0.005501398298656568
173,-0.00552987186703831
174,-0.005558315163943917
175,-0.006009944775723852
176,-0.006043191216303967
177,-0.006071546885068529
178,-0.006099873777711764
179,-0.006128171814489178
180,-0.006156439312035218
181,-0.006607897484791465
182,-0.006640969421714544
183,-0.006669152787653729
184,-0.0066973056382266805
185,-0.006725431420491077
186,-0.006753528016852215
187,-0.007204818133031949
188,-0.007237722016288899
189,-0.007265736790723168
190,-0.007293724256451242
191,-0.007321682875626721
192,-0.007349613521364517
193,-0.007800739853992127
194,-0.007833478634711354
195,-0.007861328131984919
196,-0.007889150445116684
197,-0.007916944909957237
198,-0.007944712708122097
199,-0.008395680388784967
200,-0.00842825815838296
201,-0.008455947883194313
202,-0.008483609381946734
203,-0.008511246793204919
204,-0.008538855313672685
205,-0.008989665287081151
206,-0.009022086334298365
207,-0.0090496181830531
208,-0.00907712455256842
209,-0.009104605166357941
210,-0.00913206200057175
211,-0.00958272116491571
212,-0.009614989292458631
213,-0.009642371174413711
214,-0.00966972578142304
215,-0.009697056437144056
216,-0.009724362812121398
217,-0.01017487509176135
218,-0.010206994223990478
219,-0.010234226480824872
220,-0.010261434767744503
221,-0.010288618363556452
222,-0.0103157770447433
223,-0.01076614655845333
224,-0.010798121118568815
225,-0.010825209792819805
226,-0.010852272494812496
227,-0.010879313033656217
228,-0.010906330518773757
229,-0.01135655923106242
230,-0.011388393007800915
231,-0.01141534223977942
232,-0.011442267199745402
233,-0.011469168221810832
234,-0.011496047751279548
235,-0.011946141814114526
236,-0.011977837366284803
237,-0.012004648577421903
238,-0.012031437403056771
239,-0.012058204982895403
240,-0.012084951112046837
