1,0.19876953680068254
2,0.22472656704485416
3,0.23761719232425094
4,0.24333985336124897
5,0.2474023513495922
6,0.25263672741129994
7,0.254804695956409
8,0.2554492256604135
9,0.25906250858679414
10,0.26332031935453415
11,0.2644336065277457
12,0.2666796972043812
13,0.26859375555068254
14,0.26550782192498446
15,0.2679492272436619
16,0.2703711027279496
17,0.2705664159730077
18,0.2718945415690541
19,0.2730859499424696
20,0.2737890719436109
21,0.2717187646776438
22,0.27283204393461347
23,0.27542970050126314
24,0.27689453959465027
25,0.27443360164761543
26,0.2735546990297735
27,0.25976563058793545
28,0.2757421964779496
29,0.27539063384756446
30,0.27390626072883606
31,0.2725000139325857
32,0.2738671968691051
33,0.27095704013481736
34,0.2746289181523025
35,0.27308594854548573
36,0.2721875039860606
37,0.27220704033970833
38,0.2710351664572954
39,0.2737695393152535
40,0.2467773538082838
