1,0.2025781306438148
2,0.2275000070221722
3,0.23853516578674316
4,0.24494141386821866
5,0.24980469653382897
6,0.25371095025911927
7,0.25707032019272447
8,0.2586914151906967
9,0.26195313269272447
10,0.2655273540876806
11,0.26712891831994057
12,0.2699609459377825
13,0.2715429784730077
14,0.2613281337544322
15,0.27433595107868314
16,0.27224610606208444
17,0.2719336040318012
18,0.2732421993277967
19,0.2724414151161909
20,0.27166016586124897
21,0.272617198061198
22,0.2718945452943444
23,0.27443360490724444
24,0.27197266509756446
25,0.2733203279785812
26,0.2743554790504277
27,0.27054688706994057
28,0.27431641798466444
29,0.27250000881031156
30,0.2716796975582838