1,0.19841797510161996
1,0.20425781793892384
2,0.2279687589034438
3,0.23625000659376383
4,0.24429688649252057
5,0.2465429757721722
6,0.2527343793772161
7,0.2544336002320051
8,0.2573828208260238
9,0.26013672817498446
10,0.2629882921464741
11,0.26371094631031156
12,0.26521484926342964
13,0.268828131724149
14,0.2706445404328406
15,0.2693945365026593
16,0.27089844550937414
17,0.2708007860928774
18,0.273476570378989
19,0.2731835995800793
20,0.2731054755859077
21,0.2737890714779496
22,0.2751367283053696
23,0.2745117279700935
24,0.2748242258094251
25,0.2750195409171283
26,0.27621094789355993
27,0.26914063515141606
28,0.2737890682183206
29,0.26998047810047865