1,0.20654297713190317
2,0.22791016334667802
3,0.2364453193731606
4,0.24335938366129994
5,0.24833985278382897
6,0.2521679764613509
7,0.25511719239875674
8,0.25806641997769475
9,0.2606250117532909
10,0.262246101628989
11,0.2649218821898103
12,0.2664648569189012
13,0.267871106043458
14,0.26542969699949026
15,0.2693750117905438
16,0.2691992251202464
17,0.2707812590524554
18,0.27041016751900315
19,0.2727539171464741
20,0.27076172828674316
21,0.2727929810062051
22,0.2719336007721722
23,0.2732617282308638
24,0.27341797668486834
25,0.2738086022436619
26,0.2763476683758199
27,0.27412110893055797
28,0.2719140728004277
29,0.273085945751518
30,0.27087891940027475
31,0.2683203215710819
32,0.268828134983778
33,0.270898450165987
34,0.2683007940649986
35,0.26916016824543476
36,0.27027344703674316
37,0.2708789170719683
38,0.2716015740297735
39,0.2732421988621354
40,0.2608398534357548
