1,0.21222223660775594
2,0.23128969612575712
3,0.24327382800124941
4,0.250456364381881
5,0.25458335166885737
6,0.25725200133664267
7,0.2610714492343721
8,0.26541668815272196
9,0.2665079569532758
10,0.27024803097758976
11,0.2706646990208399
12,0.27133930439040777
13,0.2728571600857235
14,0.2717758108462606
15,0.27590279635928927
16,0.27564486329044613
17,0.2746924768601145
18,0.27594248134465443
19,0.275109143838996
20,0.27432541691121604
21,0.2702579558605239
22,0.2751984287585531
23,0.2738095429681596
24,0.2742857344093777
25,0.27349208224387395
26,0.27331351134039106
27,0.27347224134774434
28,0.27489088972409564
29,0.2730059730155127
30,0.27482144392672037
31,0.2734920836630322
32,0.271636925637722
33,0.27312502087581725
34,0.2741964455871355
35,0.27134922714460463
36,0.2708730296719642
37,0.27135914670569555
38,0.27086311472313745
39,0.270803587777274
