0,0.648979623402868
1,0.662244935120855
2,0.6244898374591555
3,0.6357143201998302
4,0.6928571803229195
5,0.6897959624017987
6,0.580612274152892
7,0.7275510600634983
8,0.6979592187064034
9,0.7204082139900753
10,0.7438775854451316
11,0.7030612762485232
12,0.7244898463998523
13,0.6938775990690503
14,0.724489837884903
15,0.7500000638621194
16,0.7255102523735592
17,0.7255102417298726
18,0.7367347393717084
19,0.7326530984469822
20,0.7377551283155169
21,0.7397959594215665
22,0.7275510643209729
23,0.7500000510896955
24,0.7479592178549085
25,0.7602041278566632
26,0.7551020937306541
27,0.7428571879863739
28,0.7153061756065914
29,0.7714286148548126
30,0.7765306489808219
31,0.7714286276272365
32,0.7734694353171757
33,0.7714286148548126
34,0.7704082131385803
35,0.7500000468322209
36,0.7734694395746503
37,0.7500000510896955
38,0.770408204623631
39,0.7795918839318412
40,0.7765306745256696
41,0.7806122984204974
42,0.7836735163416181
43,0.7744898455483573
44,0.7663265935012272
45,0.7877551530088697
46,0.7581633031368256
47,0.7714286148548126
48,0.7704082173960549
49,0.7836735205990928
50,0.7877551487513951
51,0.7602041363716125
52,0.7877551530088697
53,0.7887755674975259
54,0.7867347555501121
55,0.7632653628076825
56,0.7561224954468864
57,0.7734694225447518
58,0.788775554725102
59,0.785714328289032
60,0.7673469739300864
61,0.7683673969336918
62,0.7938776058810098
63,0.7785714609282357
64,0.7642857645239148
65,0.7877551572663444
66,0.7724490336009434
67,0.7622449355466026
68,0.7857143495764051
69,0.7887755589825767
70,0.7469388331685748
71,0.7806122984204974
72,0.7357143397842135
73,0.7653061875275203
74,0.7795918967042651
75,0.7704082003661564
76,0.7551020894731794
77,0.7571428886481694
78,0.7755102472645896
79,0.7816327043942043
80,0.7724490421158927
81,0.7602041363716125
82,0.7806122899055481
83,0.7734694353171757
84,0.7775510634694781
85,0.7693878029073987
86,0.7704082173960549
87,0.7836735248565674
88,0.7622449440615517
89,0.7214286199637822
90,0.7653061662401471
91,0.7724490293434688
92,0.7734694353171757
93,0.7673469867025103
94,0.7561224784169879
95,0.7724490165710449
96,0.7734694395746503
97,0.7765306574957711
98,0.7714286148548126
99,0.7693878156798226
