1,77.15960227966309
2,71.2253125
3,64.47999145507812
4,57.73467124938965
5,50.99085994720459
6,44.2472119140625
1,5.494968776702881
2,4.331606540679932
3,3.106634395122528
4,1.8816610705852508
5,0.6566872158646584
6,0.0008774229741538874
1,86.06382652282714
2,78.13203842163085
3,69.28797798156738
4,60.44576965332031
5,51.60512512207031
6,42.76562477111816
1,53.96343154907227
2,47.62507232666016
3,40.707847595214844
4,33.790623893737795
5,26.875572299957277
6,19.96877164840698
7,13.07011649131775
8,6.176065535545349
9,0.5415035291473032
10,0.0007440066777053289
11,0.0007440039327775594
12,0.0007440012179722544
13,0.0011045855036354623
14,0.0011055134984781034
15,0.001105508391337935
16,0.0011055032289004885
17,0.0011054980964399874
18,0.0011054929572856054
19,0.0014660583398654126
20,0.001466983076534234
21,0.001466974861396011
22,0.001466966614825651
23,0.0014669583665090614
24,0.0014669500966556371
25,0.001827491169096902
26,0.001828411729657091
27,0.001828399400692433
28,0.0018283870653249324
29,0.001828374748583883
30,0.0018283624266041442
31,0.002188873793929815
32,0.0021897895907750354
33,0.002189772769343108
34,0.0021897559112403543
35,0.0021897390257799997
36,0.0021897222159896045
37,0.0025501991162309424
38,0.002551109418272972
39,0.0025510872848099097
40,0.0025510651851072905
41,0.0025510429887799545
42,0.002551020875107497
43,0.0029114582005422564
44,0.002912361865164712
45,0.0029123334417818112
46,0.0029123049846384672
47,0.002912276508286595
48,0.0029122481012018395
49,0.003272640068898909
50,0.003273536718916148
51,0.0032735014415811747
52,0.003273466135724448
53,0.003273430859553628
54,0.0032733955467119814
55,0.0036337373085552826
56,0.003634626250714064
57,0.0036345834995154293
58,0.0036345407378394158
59,0.0036344979674322532
60,0.003634455471183173
61,0.003994741967180744
62,0.003995621693320572
63,0.003995570253464393
64,0.0039955188264139
65,0.0039954674860928205
66,0.003995416035759263
67,0.00435564219544176
68,0.004356512743397616
69,0.004356452628853731
70,0.004356392388581298
71,0.0043563321995316075
72,0.004356272017466836
73,0.004716432487475686
74,0.00471729229146149
75,0.004717221626196988
76,0.004717150964424945
77,0.004717080427217297
78,0.004717009785235859
79,0.005077098900801502
80,0.005077947301906534
81,0.00507786599395331
82,0.005077784571913071
83,0.005077703029965051
84,0.00507762172666844
85,0.005437634411500767
86,0.005438471296802163
87,0.0054383785952813925
88,0.0054382860579062255
89,0.005438193549634889
90,0.0054381008836207915
91,0.005798032564343885
92,0.0057988567475695165
93,0.005798751930706203
94,0.0057986472861375656
95,0.005798542441334575
96,0.0057984376524109395
97,0.006158282898832112
98,0.006159094104077667
99,0.006158976888982579
100,0.006158859673887491
101,0.00615874262759462
102,0.006158625378739089
103,0.006518379161134362
104,0.00651917596696876
105,0.006519044885644689
106,0.006518913637846708
107,0.00651878265896812
108,0.00651865137508139
109,0.006878308571176603
110,0.006879090435104445
111,0.006878945279167965
112,0.0068787998275365685
113,0.006878654800821096
114,0.006878509396919981
115,0.007238065401325002
116,0.007238832374569028
117,0.007238672421080992
118,0.007238512529293075
119,0.007238352883141488
120,0.007238193078665063
121,0.007597642570035532
122,0.007598392412764951
123,0.007598216182086617
124,0.007598039837321266
125,0.007597863753326237
126,0.0075976875319611285
127,0.007957023720955476
128,0.007957755336537958
129,0.00795756230247207
130,0.007957368922652676
131,0.007957175668561831
132,0.007956982541363686
133,0.00831620202283375
134,0.008316916780313478
135,0.008316706874174996
136,0.008316497423220427
137,0.008316287832567468
138,0.008316077920608223
139,0.008675175867974758
140,0.008675871359882877
141,0.008675643334863708
142,0.008675415243487805
143,0.008675187098560855
144,0.008674959384952672
145,0.00903392847336363
146,0.009034603590844199
147,0.009034356012125499
148,0.009034108641790226
149,0.009033861340139993
150,0.009033613607753068
151,0.009392451596795581
152,0.00939310755347833
153,0.009392841813969426
154,0.009392576111713425
155,0.009392310503753833
156,0.009392044706037267
157,0.009750744619523175
158,0.00975137876230292
159,0.00975109206396155
160,0.009750805264920927
161,0.009750518349464983
162,0.009750231640064158
163,0.01010878951405175
164,0.010109402274829336
165,0.01010909509845078
166,0.010108788002398797
167,0.010108480916824193
168,0.010108174221240915
169,0.010466584309469909
170,0.010467175134690478
171,0.01046684647561051
172,0.010466518122702837
173,0.01046618951135315
174,0.01046586134354584
175,0.010824119676835836
176,0.010824686766136437
177,0.010824336064979434
178,0.01082398483180441
179,0.010823634091066197
180,0.010823283165227621
181,0.011181383046787232
182,0.011181925378623418
183,0.011181550058536232
184,0.011181174630182795
185,0.01118079959822353
186,0.01118042453774251
187,0.011538360701524652
188,0.011538877754937858
189,0.011538478881702759
190,0.011538080183090643
191,0.011537681277259253
192,0.011537282316712662
193,0.011895052301115356
194,0.01189554447075352
195,0.01189512171840761
196,0.011894699353724718
197,0.011894276721286588
198,0.011893853910733014
199,0.0122514512820635
200,0.012251917824032716
201,0.012251470481278375
202,0.012251023328281008
203,0.012250576472142711
204,0.012250129146850667
205,0.01260754803661257
206,0.012607986600487493
207,0.012607513086404652
208,0.01260703930456657
209,0.012606565604219213
210,0.012606091671041214
211,0.012963328779442236
212,0.012963740131817758
213,0.012963239733944648
214,0.0129627396032447
215,0.012962239324697294
216,0.012961738935555332
217,0.013318788451724685
218,0.01331917211820837
219,0.013318645167746581
220,0.013318118403549305
221,0.013317591460072435
222,0.013317064936854877
223,0.013673921446315945
224,0.01367427562829107
225,0.013673720851074904
226,0.013673166007502005
227,0.013672610893845558
228,0.01367205652873963
229,0.01402871620724909
230,0.014029040820896626
231,0.01402845729724504
232,0.014027873991290107
233,0.014027290572412312
234,0.014026707177399657
235,0.014383164105820469
236,0.014383456200012006
237,0.014382841727347113
238,0.01438222762721125
239,0.014381613156874664
240,0.014380999241839163
