1,0.6837137194722891
2,0.6451087936758995
3,0.6200550531595945
4,0.5972637352347374
5,0.5764792823791504
6,0.5574107255786658
1,0.7875721014477313
2,0.7476906475611031
3,0.7128655516542495
4,0.6850898250937462
5,0.6629182917252183
6,0.6456925077736377
1,0.5432830007374286
2,0.4082602902501822
3,0.3899628832936287
4,0.3736753190308809
5,0.35781405072659256
6,0.3423551232367754
1,0.8673083757609129
2,0.6015303403139114
3,0.5698627104237676
4,0.5412182022258639
5,0.5152240497618914
6,0.49165679316967725
7,0.47027604300528764
8,0.4508379301615059
9,0.43436493543908
10,0.4244729796797037
11,0.4164088338240981
12,0.40945196921005844
13,0.40344404553994534
14,0.39824608850292864
15,0.3937392916250974
16,0.3898217090778053
17,0.38640663120895624
18,0.3834205823671073
19,0.3808018000330776
20,0.37849708071909843
21,0.3764624872710556
22,0.37466057945042847
23,0.3730596854770556
24,0.37163296980783345
25,0.37035800284240394
26,0.36921467614360154
27,0.36818679409101607
28,0.3672601999947801
29,0.36642274842131883
30,0.36566398875787853
31,0.36497526030987504
32,0.3643480340112001
33,0.36377589363604784
34,0.363252937993966
35,0.36277401573723184
36,0.3623346148431301
37,0.36193112342618405
38,0.36155933441594246
39,0.361216528119985
40,0.3608999610017054
41,0.3606072210916318
42,0.36033614185405893
43,0.36008515826426446
44,0.35985182449920106
45,0.35963495447998867
46,0.35943316646385937
47,0.3592452012444846
48,0.3590699377190322
49,0.3589067087043077
50,0.35875387786421925
51,0.35861095613799987
52,0.3584771927376278
53,0.3583518862375058
54,0.35823439608328045
55,0.3581245162151754
56,0.3580209967587143
57,0.3579237076104619
58,0.3578322023595683
59,0.35774607968283817
60,0.3576649629813619
61,0.3575888558290899
62,0.3575167343544308
63,0.35744866116787305
64,0.357384361254517
65,0.3573235809383914
66,0.35726609229575845
67,0.35721204348723407
68,0.3571605107781943
69,0.3571116655343212
70,0.35706534278579055
71,0.35702137734158895
72,0.3569796279538423
73,0.3569403124332894
74,0.356902582711773
75,0.35686667828005736
76,0.35683248553657904
77,0.35679990557022395
78,0.3567688391590491
79,0.35673954532016067
80,0.3567112428951077
81,0.3566841895901598
82,0.3566583226248622
83,0.35663357041426935
84,0.3566098661499564
85,0.3565875130321365
86,0.35656573180924167
87,0.3565448265313171
88,0.3565247511654161
89,0.3565054530510679
90,0.3564868910831865
91,0.35646938034682535
92,0.35645217428216713
93,0.3564355841313954
94,0.3564195724623278
95,0.3564041243272368
96,0.35638919192249885
97,0.356375111239031
98,0.3563611368718557
99,0.3563476051634643
100,0.35633449046639726
101,0.3563217679306399
102,0.3563094219181221
103,0.3562977822101675
104,0.35628612492233513
105,0.3562747714051511
106,0.35626372500904835
107,0.35625295954407193
108,0.3562424586294219
109,0.35623258791631085
110,0.3562225816573482
111,0.3562128056527581
112,0.35620324371382595
113,0.35619388899649496
114,0.3561847307824064
115,0.3561761128809303
116,0.35616731108515526
117,0.35615867070388046
118,0.35615018705721013
119,0.3561418537970167
120,0.3561336599488277
121,0.3561259566771332
122,0.35611802043858914
123,0.35611020943732
124,0.3561025106697343
125,0.35609492238145324
126,0.35608743313117885
127,0.35608039516606366
128,0.3560730964364484
129,0.3560658849531319
130,0.35605875627137723
131,0.3560517081944272
132,0.3560447344207205
133,0.356038193377899
134,0.3560313554725144
135,0.35602458853391
136,0.35601787457242606
137,0.3560112217743881
138,0.3560046248405706
139,0.35599843348609284
140,0.3559919422783423
141,0.3559854934492614
142,0.3559790853608865
143,0.355972723425366
144,0.3559664037427865
145,0.3559604801423848
146,0.3559542347548995
147,0.3559480231883936
148,0.3559418403368909
149,0.3559356919012498
150,0.35592957224929705
151,0.35592384287388995
152,0.3559177792060655
153,0.3559117384266574
154,0.355905721525196
155,0.3558997304819059
156,0.35589376076124607
157,0.355888165216893
158,0.355882236699108
159,0.3558763200440444
160,0.3558704267221037
161,0.3558645476039965
162,0.35585868791211395
163,0.355853186994791
164,0.3558473554742523
165,0.355841534367064
166,0.35583572757430376
167,0.35582993198302576
168,0.3558241519972216
169,0.35581873925752006
170,0.35581297977711074
171,0.35580722518498076
172,0.3558014823810663
173,0.3557957465271466
174,0.35579002225538714
175,0.3557846618827898
176,0.3557789538113866
177,0.3557732517947443
178,0.3557675534032751
179,0.3557618657080457
180,0.3557561857975088
181,0.35575086903176273
182,0.3557451984717045
183,0.3557395326695405
184,0.3557338698813692
185,0.35572821605135685
186,0.3557225612783805
187,0.3557172781974077
188,0.35571163388551214
189,0.355705996096367
190,0.3557003578194417
191,0.3556947285134811
192,0.35568909951602107
193,0.3556838313688058
194,0.35567820924217813
195,0.35567258890951053
196,0.3556669750821311
197,0.35566136303707024
198,0.35565574932610616
199,0.3556505038135219
200,0.35564489219919776
201,0.3556392901786603
202,0.3556336866633501
203,0.35562808660557493
204,0.3556224884907715
205,0.355617241600994
206,0.3556116469926201
207,0.35560605680104346
208,0.3556004652497359
209,0.35559487392543815
210,0.35558928827871567
211,0.3555840554519091
212,0.3555784734955523
213,0.3555728901620023
214,0.355567308482714
215,0.3555617270595394
216,0.3555561436410062
217,0.35555093083996325
218,0.35554535347851923
219,0.3555397800693754
220,0.3555342057510279
221,0.3555286335025448
222,0.35552305907709525
223,0.3555178492923733
224,0.3555122807773296
225,0.35550671331817285
226,0.3555011476553045
227,0.3554955821763724
228,0.3554900160373654
229,0.3554848110163584
230,0.35547924957587385
231,0.35547368669416757
232,0.3554681261011865
233,0.35546256804140286
234,0.3554570156661794
235,0.3554518154799007
236,0.3554462619591504
237,0.35544070628006014
238,0.3554351544973906
239,0.3554296019033063
240,0.35542405365384183
