1,0.606554107985279
2,0.5738834829885898
3,0.5555750605213171
4,0.5395290634615875
5,0.5254884201719946
6,0.5131635122825693
1,0.782077132093266
2,0.7433590388827709
3,0.70975891140696
4,0.6832081642630626
5,0.6622616023972117
6,0.6456916306714844
1,0.4572191656321729
2,0.33012824797327533
3,0.32067489695351964
4,0.3132295463169345
5,0.3062089208834522
6,0.2995894937052195
1,0.8133449454199224
2,0.5539052568812113
3,0.5291548686250408
4,0.507427574799116
5,0.48834847958738486
6,0.47168801918813086
7,0.4572059245499964
8,0.4446618672446945
9,0.4338234315993207
10,0.42447223724235295
11,0.4164080906840049
12,0.40945122907673737
13,0.40344294378636364
14,0.3982449887621785
15,0.39373818905175667
16,0.38982060612248276
17,0.3864055298053689
18,0.3834194802007653
19,0.38080033105883204
20,0.3784956129878295
21,0.3764610188434533
22,0.37465911120136935
23,0.3730582190908941
24,0.37163150494665204
25,0.3703561805951383
26,0.36921285134514265
27,0.36818496878092977
28,0.36725837496542235
29,0.3664209230303112
30,0.3656621613279672
31,0.36497307032864684
32,0.36434584321768576
33,0.36377370267300013
34,0.3632507475964385
35,0.36277182465661295
36,0.3623324204025581
37,0.361928570453567
38,0.3615567828854565
39,0.36121397343919504
40,0.360897410593078
41,0.3606046688804663
42,0.36033358911480046
43,0.3600822444132545
44,0.3598489110990913
45,0.3596320437179875
46,0.3594302535314257
47,0.3592422899556724
48,0.3590670245019454
49,0.3589034368454307
50,0.3587506027105211
51,0.35860768330924786
52,0.35847391611112067
53,0.35834860675697244
54,0.35823112195811196
55,0.35812088324610886
56,0.35801736145866414
57,0.357920071863935
58,0.3578285698399098
59,0.3577424470374333
60,0.35766132796561834
61,0.357584866946971
62,0.35751274539683187
63,0.357444669387933
64,0.35738036746613927
65,0.35731958868794356
66,0.35726210085413823
67,0.35720768891737914
68,0.35715615354418984
69,0.357107309814402
70,0.3570609860431078
71,0.3570170227120428
72,0.35697527149886304
73,0.35693559439416284
74,0.35689786289725417
75,0.35686195728276154
76,0.3568277659309917
77,0.35679518471581767
78,0.35676411644451006
79,0.3567344703445538
80,0.3567061615930173
81,0.35667911088451426
82,0.3566532440342045
83,0.35662849161265364
84,0.3566047886096926
85,0.35658207412469706
86,0.35656029108097703
87,0.35653938596217744
88,0.3565193085688083
89,0.35650001179318636
90,0.3564814514112513
91,0.35646358588984384
92,0.35644637620818004
93,0.3564297856923603
94,0.3564137798618611
95,0.3563983262870542
96,0.3563833944568719
97,0.3563689556558326
98,0.3563549828496864
99,0.35634145057902494
100,0.35632833486023957
101,0.35631561309327486
102,0.35630326397566386
103,0.35629126742237655
104,0.35627960449104995
105,0.35626825731220974
106,0.3562572090241119
107,0.35624644371187375
108,0.35623594635059047
109,0.3562257027521431
110,0.3562156995154488
111,0.35620592397989836
112,0.3561963641817719
113,0.3561870088134147
114,0.3561778471849917
115,0.35616886918863777
116,0.3561600652648474
117,0.3561514263709451
118,0.3561429439515051
119,0.3561346099105838
120,0.3561264165856479
121,0.3561183567230865
122,0.35611042345520194
123,0.35610261027858714
124,0.3560949110337912
125,0.3560873198862031
126,0.35607983130806203
127,0.35607244006153244
128,0.35606514118277344
129,0.35605792996693636
130,0.35605080195403976
131,0.3560437529156589
132,0.356036778842387
133,0.3560298759320136
134,0.3560230405783827
135,0.3560162693608826
136,0.3560095590345345
137,0.3560029065206413
138,0.35599630889796224
139,0.3559897633943824
140,0.35598326737904834
141,0.35597681835494266
142,0.3559704139518681
143,0.3559640519198213
144,0.35595773012273013
145,0.35595144653253635
146,0.35594519922359963
147,0.35593898636740934
148,0.3559328062275812
149,0.35592665715512495
150,0.35592053758396885
151,0.35591444602672373
152,0.35590838107067396
153,0.35590234137398313
154,0.35589632566210205
155,0.3558903327243656
156,0.355884361410773
157,0.35587841062893444
158,0.3558724793411801
159,0.3558665665618219
160,0.35586067135455535
161,0.35585479282999993
162,0.35584893014336494
163,0.3558430824922387
164,0.35583724911448944
165,0.35583142928627626
166,0.35582562232016096
167,0.3558198275633188
168,0.3558140443958374
169,0.355808272229105
170,0.3558025105042795
171,0.355796758690836
172,0.35579101628518606
173,0.355785282809368
174,0.3557795578098029
175,0.35577384085611163
176,0.3557681315399938
177,0.35576242947415904
178,0.3557567342913148
179,0.35575104564320204
180,0.35574536319967925
181,0.3557396866478526
182,0.3557340156912485
183,0.3557283500490248
184,0.355722689455224
185,0.3557170336580615
186,0.35571138241924627
187,0.3557057355133392
188,0.35570009272713854
189,0.35569445385909676
190,0.35568881871876523
191,0.3556831871262664
192,0.3556775589117902
193,0.35567193391511537
194,0.35566631198515297
195,0.3556606929795128
196,0.35565507676408875
197,0.35564946321266644
198,0.35564385220654615
199,0.35563824363418656
200,0.35563263739086354
201,0.3556270333783454
202,0.3556214315045849
203,0.3556158316834211
204,0.35561023383430246
205,0.35560463788201624
206,0.35559904375643275
207,0.35559345139226395
208,0.3555878607288292
209,0.35558227170983486
210,0.35557668428316236
211,0.3555710984006669
212,0.35556551401798586
213,0.35555993109435396
214,0.35555434959242993
215,0.35554876947812875
216,0.35554319072046225
217,0.3555376132913874
218,0.35553203716566073
219,0.3555264623207009
220,0.3555208887364554
221,0.35551531639527517
222,0.35550974528179347
223,0.35550417538281187
224,0.3554986066871896
225,0.3554930391857383
226,0.3554874728711248
227,0.3554819077377713
228,0.3554763437817679
229,0.35547078100078244
230,0.3554652193939801
231,0.355459658961942
232,0.35545409970658975
233,0.35544854163111367
234,0.35544298473990305
235,0.3554374290384793
236,0.3554318745334348
237,0.3554263212323704
238,0.35542076914383974
239,0.3554152182772926
240,0.3554096686430235
