1,2.928468389182181
2,-0.005963899611680094
3,-0.012478696518681116
4,-0.019495730972099494
5,-0.026356728503059496
6,-0.03198605044869799
7,-0.03726363348126968
8,-0.04318176064206737
9,-0.05500486977862273
10,-0.061386527572990436
11,-0.06816225631833361
12,-0.07328503674977384
13,-0.07685209893161195
14,-0.08355419086720581
15,-0.08382725203409791
16,-0.08379718773887704
17,-0.10973165910762389
18,-0.11397071352667422
19,-0.12083737753684921
20,-0.12201218528965652
21,-0.13217493526501958
22,-0.1303709173678524
23,-0.14286628965167078
24,-0.14576174903989295
25,-0.16712458051698303
26,-0.17085207659408622
27,-0.17994570811957092
28,-0.18589830987683545
29,-0.19430997968255276
30,-0.19196425207490922
31,-0.1838482986240009
32,-0.22200144356352158
33,-0.22909259920854164
34,-0.23117920939036257
35,-0.24641720610545856
36,-0.2463792889143458
37,-0.25090924229908207
38,-0.25801561326073963
39,-0.2699236677793636
40,-0.28299397189826686
41,-0.28903967457363144
42,-0.2891629699535554
43,-0.30562646232074364
44,-0.30990422471387175
45,-0.30578963786106683
