1,0.619387794818197
2,0.6622449393783297
3,0.6581632963248661
4,0.6948980114289692
5,0.6897959666592735
6,0.7122449576854706
7,0.7193877931152072
8,0.7336735108069011
9,0.7234694233962468
10,0.7520408587796348
11,0.7428571709564754
12,0.7448980127062116
13,0.7551020937306541
14,0.7581633073943002
15,0.7489796195711408
16,0.7704081961086818
17,0.7642857687813895
18,0.7704082216535296
19,0.7724490336009434
20,0.7683673884187426
21,0.7775510890143258
22,0.7795918924467904
23,0.7806122899055481
24,0.785714328289032
25,0.7775510804993766
26,0.7867347470351628
27,0.7877551530088697
28,0.7724490293434688
29,0.7887755632400513
30,0.7846939265727997
31,0.7540816920144218
32,0.7846939265727997
33,0.7928571786199298
34,0.7918367854186467
35,0.7887755504676274
36,0.7938776058810098
37,0.7959184178284237
38,0.7897959649562836
39,0.7979592340333121
40,0.789795960698809
41,0.8000000502382006
42,0.7948980118547168
43,0.7948980033397675
44,0.8020408621856144
45,0.8030612809317452
