1,0.41103614541305894
2,0.30830150163265024
3,0.3907080895313815
4,0.23356914957021846
5,0.21578470708880845
6,0.19259937168937533
7,0.1744186762377791
8,0.16478348276453
9,0.18626761250911544
10,0.17201702375236141
11,0.15808763726118424
12,0.1566410179310603
13,0.14927650511378987
14,0.14384324528933484
15,0.1350508654611435
16,0.12906933905578208
17,0.13971745581062817
18,0.13139576816010748
19,0.1271697966474683
20,0.12585174133894086
21,0.12108760287135954
22,0.11886052971427467
23,0.11198400337805693
24,0.11003148396610071
25,0.11945495870806476
26,0.11844204571026723
27,0.11108543222834324
28,0.11059589620850895
29,0.11061062324092763
30,0.10612844120554084
31,0.11011185954499747
32,0.11095686854930216
33,0.10688588159494244
34,0.1140026985257293
35,0.10145907020517464
36,0.0993219551940759
37,0.10092468824508775
38,0.09658739729730904
39,0.09354496184893495
40,0.09950511849760096
41,0.09696110335118012
42,0.09856738923367299
43,0.09578266110399673
44,0.09600384647233619
45,0.0945091548757592
