0,53.28
1,58.15
2,78.76
3,91.18
4,91.87
5,92.37
6,92.79
7,93.24
8,93.81
9,94.12
10,94.3
11,94.74
12,94.87
13,94.85
14,95.73
15,96.16
16,95.58
17,96.09
18,96.11
19,96.47
0,61.26
1,90.06
2,91.89
3,92.37
4,93.29
5,92.88
6,94.57
7,94.64
8,94.5
9,95.36
10,91.53
11,95.7
12,96.16
13,96.26
14,96.54
15,96.3
16,96.2
17,96.77
18,97.07
19,96.0
20,92.93
21,97.35
22,96.64
23,97.35
24,97.34
25,97.52
26,96.5
27,91.49
28,96.62
29,97.43
30,95.97
31,97.5
32,97.29
33,97.56
34,97.51
35,97.46
36,97.44
37,97.34
38,97.49
39,97.6
