0,1.2936011294523875
1,1.189164875249068
2,1.0071027983228367
3,0.37093811967720586
4,0.24500305745750667
5,0.21024385053664446
6,0.19527277102073035
7,0.18435130228598912
8,0.17188768553858003
9,0.16002003279825053
10,0.14735812852780025
11,0.1351940734498203
12,0.1229292385559529
13,0.11068182355103394
14,0.10256878427850703
15,0.09328958830485741
16,0.08562346895225346
17,0.07949568088476856
18,0.07485031150126209
19,0.06882957738513748
0,1.2745442232489586
1,0.7241801273822784
2,0.2607214305798213
3,0.20856614075601101
4,0.18582713147625327
5,0.16466307628899812
6,0.14794502270097534
7,0.13274754531991978
8,0.11733677482232452
9,0.10598253314693769
10,0.09795373006102939
11,0.08847817702839772
12,0.08144908416861048
13,0.07485436510760338
14,0.07004598929391553
15,0.06370137308103342
16,0.059515283845054605
17,0.056556952325627206
18,0.05272835114893193
19,0.0495897288651516
20,0.04737489591042201
21,0.04487257033896943
22,0.042605530276196076
23,0.04114311207900755
24,0.03890030056781446
25,0.037359123963396995
26,0.035987545063253495
27,0.03386147024886062
28,0.033168600598582995
29,0.032089275499650585
30,0.03020992486116787
31,0.030045575624099
32,0.028804218814281437
33,0.027623046770847093
34,0.02655766742847239
35,0.026604749346734024
36,0.025181400491856038
37,0.02445309437268103
38,0.023810747164534404
39,0.02316771663686571
