1,29.69317152783585
2,0.10734838396310806
3,14.537107746632149
4,14.547676247755687
5,28.98124435901642
6,28.989732693036398
7,43.41281029701233
8,43.405111939112345
9,57.81354333877564
10,57.774183705647786
11,72.16783403396606
12,72.14185706774394
13,86.5271210416158
14,86.47282835006713
15,100.81945839246114
16,100.84917055130005
17,115.15702746709188
18,115.14387688000997
19,129.5278895378113
20,129.45298877080282
21,143.91360478719076
22,143.9064059193929
23,158.25936188379924
24,158.23973101298014
25,172.68625045776366
26,172.62751991271972
27,187.06619453430176
28,187.06999561309814
29,201.41904510498046
30,201.43223758061728
31,215.71336506525677
32,215.652765973409
33,229.96723289489745
34,229.95835720062257
35,244.15270342508953
36,244.1149160893758
37,258.39801162719726
38,258.29836316426594
39,272.5259844462077
40,272.36703303019203
