1,2.3105855946739515
2,0.6556096439560254
3,0.4235986916224162
4,0.3340363106628259
5,0.2903268029913306
6,0.2663057205205162
7,0.24242487720524272
8,0.22086642210061352
9,0.2095987755432725
10,0.19469696135570605
11,0.19093974126502872
12,0.18352364496948817
13,0.1710564620171984
14,0.1686499523029973
15,0.16683537704870105
16,0.15870192319775622
17,0.15370856613852082
18,0.14509790419911345
19,0.137184844519943
20,0.13496779701362052
21,0.14733513458011052
22,0.1341500445517401
23,0.1477323632594198
24,0.13185076804831625
25,0.11635091501288115
26,0.11710351917892695
27,0.1150409491499886
28,0.10682195945642889
29,0.11283167366559307
30,0.10638015333252648
31,0.10633441134976844
32,0.1134112988691777
33,0.11584839052210251
34,0.1140234650609394
35,0.1015048109088093
36,0.10334197980196526
37,0.09998121339827776
38,0.10470049361543109
39,0.10338733037778487
40,0.11417904054901253
41,0.10224595916069423
42,0.10425751744148631
43,0.08937188454632027
44,0.08324214191331218
45,0.08750635309300075
46,0.0964430602096642
47,0.08889525716503462
48,0.09011193663347512
49,0.08732139606649678
50,0.08365248702776928
51,0.08220059631004309
52,0.08877244904559727
53,0.07262713603752975
54,0.09566747136026
55,0.07844260610484828
56,0.07700887572175513
57,0.09352416178677231
58,0.1129154350499933
59,0.09285572331398725
60,0.1042669854592532
61,0.08871546250147123
62,0.08915712259088954
63,0.09465344591725929
64,0.07436199923589205
65,0.07361134771180029
66,0.07426789392639573
67,0.0640999459871091
68,0.06497031454928219
69,0.07786626885334651
70,0.08579041839266817
71,0.10564398570684716
72,0.08668296740196335
73,0.08611983355134725
74,0.08499866930379843
75,0.08492066088908662
76,0.10239634301125382
77,0.1028060074398915
78,0.09416133341612294
79,0.07386698097223415
80,0.05618227554795643
