1,0.43685142164942864
2,0.35096424766655626
3,0.2820401688131336
4,0.23174978216032416
5,0.21506480594304786
6,0.1994254197996695
7,0.1807438030524957
8,0.16531428457077207
9,0.1860401287275256
10,0.17038714026468468
11,0.16676493819046523
12,0.16080579338630954
13,0.14744144918618302
14,0.14726280506657458
15,0.13773811182499618
16,0.1344891132437178
17,0.1433238099932214
18,0.140317950861607
19,0.1298600048526151
20,0.12904084965558116
21,0.12687580594329084
22,0.11976979767468354
23,0.1183682265352472
24,0.11568468026245919
25,0.12221815802470934
26,0.11798797439341344
27,0.11483160695382233
28,0.11778811458855068
29,0.11775600862371739
30,0.10810793453106707
31,0.10371956852946244
32,0.11096682757053566
33,0.10742650158931698
34,0.1099701646958046
35,0.10528713872948825
36,0.10821695333182584
37,0.09809670075631462
38,0.10037024723815507
39,0.09829517150604633
40,0.10054003829100808
41,0.09816078310725333
42,0.09952722340679489
43,0.09556499203502904
44,0.09368622260546433
45,0.09389589291594037
