1,0.4203167916828645
2,0.35096265538328
3,0.28202818827953374
4,0.23172778356463516
5,0.2150304710271258
6,0.1993559432783346
7,0.18067752325129463
8,0.1652706030941786
9,0.1860519086235556
10,0.17040762841929877
11,0.16677975005887705
12,0.1607678665768826
13,0.14743656824945947
14,0.14725124387077673
15,0.13772345070238315
16,0.134498313911459
17,0.14336530843542683
18,0.14038994684244482
19,0.12994810566306114
20,0.12909678404729713
21,0.1268872632662912
22,0.11983987153061733
23,0.11845589813801292
24,0.11578366852640193
25,0.12234673464949104
26,0.11810598836433842
27,0.11496194822435406
28,0.11791598067130052
29,0.1174545488980424
30,0.10817930060242556
31,0.10383116868520834
32,0.1111743109893068
33,0.10762014197207045
34,0.11014410582909867
35,0.1054676041520875
36,0.10837973738838544
37,0.09827032903302105
