1,16.534633274286694
2,0.0015912359828839499
3,0.011980201618146452
4,0.02199862704842469
5,0.03433493137630809
6,0.06947628484318083
7,0.06628000788021318
8,0.04368178466543684
9,-0.011777760510371242
10,-0.02048715020679794
11,-0.014812600288194
12,0.037925755172446944
13,0.004880394529669272
14,0.011561142974060343
15,0.014660907770556994
16,-0.00920025137655876
17,-0.04149833719792037
18,-0.0719965043115533
19,-0.08810077791688321
20,-0.055934617270437206
21,-0.011457656436912909
22,-0.07007374749447565
23,-0.0876719182706438
24,-0.09898860108506977
25,-0.1285758498046722
26,-0.11801461724589411
27,-0.13034155923102436
28,-0.12786663931403514
29,0.30145921378746143
30,-0.07136540785416251
31,-0.11160072047170608
32,-0.20748338561283847
33,-0.1936401393361768
34,-0.17394117863047726
35,-0.1804654959777024
36,-0.16278342373461294
37,-0.17362828241813735
38,-0.20594094273283226
39,-0.22042370719703136
40,-0.25215751928155994
41,-0.2541487980406496
42,-0.2626730363956078
43,-0.2669388527386033
44,-0.27077986003355553
