1,0.6312500294297934
2,0.4625000189989805
3,0.6364583671092987
4,0.6375000216066837
5,0.6458333600312471
6,0.6885417141020298
7,0.6968750320374966
8,0.7166667059063911
9,0.7177083678543568
10,0.719791691750288
11,0.7250000275671482
12,0.7270833626389503
13,0.7333333641290665
14,0.7479167021811008
15,0.7510416954755783
16,0.7562500238418579
17,0.7395833469927311
18,0.7572916969656944
19,0.7427083663642406
20,0.7520833685994148
21,0.75833335891366
22,0.7718750350177288
23,0.7739583663642406
24,0.7802083678543568
25,0.7656250335276127
26,0.7760417014360428
27,0.7708333693444729
28,0.7906250320374966
29,0.7770833559334278
30,0.777083370834589
31,0.7822917029261589
32,0.7906250394880772
33,0.7843750342726707
34,0.7677083797752857
35,0.7739583738148212
36,0.7833333797752857
37,0.784375037997961
38,0.7906250320374966
39,0.7864583693444729
40,0.7895833626389503
41,0.7656250484287739
42,0.7906250283122063
43,0.7770833633840084
44,0.7916666939854622
45,0.7906250394880772
46,0.7895833626389503
47,0.7833333685994148
48,0.7822917029261589
49,0.7822917029261589
50,0.7854166999459267
51,0.7864583767950535
52,0.7885416895151138
53,0.777083370834589
54,0.7854166999459267
55,0.7854167073965073
56,0.7916666977107525
57,0.7916666977107525
