1,0.44468297859522316
2,0.37246546998301944
3,0.23331581326492118
4,0.21784504492000994
5,0.20209866382903457
6,0.1958451015180457
7,0.1886111176855654
8,0.17930979278605363
9,0.1728809002988738
10,0.16084555972655026
11,0.1617270093686475
12,0.15835140978883835
13,0.15236072588485647
14,0.14892569249755838
15,0.1454031991180528
16,0.14414512860926698
17,0.1441025696511339
18,0.1408382740134774
19,0.13918587167813076
20,0.13668658364753808
21,0.13190170877256807
22,0.12917849477778123
23,0.12624429336982995
24,0.12669765798157856
25,0.12845114182393344
26,0.12248693445119364
27,0.12093839240803311
28,0.1175572653813364
29,0.11446434379614927
30,0.11627434243330326
31,0.1131645514979983
32,0.11464616110661542
33,0.11322056141808898
34,0.11073484416739107
35,0.11438574393590291
36,0.10756434458621421
37,0.10693739411804966
38,0.10651576858815204
39,0.10627738735676791
40,0.10258192254906315
41,0.10410322494841562
42,0.10322901586373451
43,0.1010358187420468
44,0.10421223530457133
45,0.0979535580231932
46,0.09854891145378596
47,0.0969678136919226
48,0.09505958970152882
49,0.09952988155332985
50,0.09493406309344009
51,0.09236592092292845
52,0.09014765527680492
53,0.09224506506118281
54,0.0903230985635754
55,0.08961061813389923
56,0.08879722369764434
57,0.08749828237446854
