1,0.3663720360660918
2,0.31162936794232593
3,0.3262426637370011
4,0.25136618805742356
5,0.22265318916732324
6,0.2088921821294388
7,0.18172577861339653
8,0.16626662556867033
9,0.17959505336009451
10,0.17092914421154165
11,0.16201188415288925
12,0.1566414899010768
13,0.15162267188373882
14,0.1472849039025462
15,0.1404414914148749
16,0.13428864774376267
17,0.1427570699974609
18,0.13679285168333757
19,0.1293687055786622
20,0.1364950392309619
21,0.12739026607139128
22,0.1236638417931352
23,0.12216534138696404
24,0.11656916785942412
25,0.12421808228381977
26,0.11964072867999588
27,0.12141091493582817
28,0.1143944426172081
29,0.11523863388460943
30,0.11602066962540834
31,0.10658542537112574
32,0.11172851623246496
33,0.10894544784450667
34,0.1347230694246018
35,0.1079887947374491
36,0.1012435416937217
37,0.1047586858829205
38,0.10116484891480527
39,0.09839341231047308
40,0.1050723880258214
41,0.10085535502610764
42,0.09758306490935356
43,0.10371363895920273
44,0.09577063376162473
45,0.09664303637769829
