1,0.4519126407545188
2,0.3130739070617833
3,0.3278286796191643
4,0.2562367042733563
5,0.22557631259163222
6,0.2103079722987281
7,0.18163662856994234
8,0.1660933014133881
9,0.17933533651847036
10,0.17059709588458255
11,0.16161103428865986
12,0.15617477763943746
13,0.1510721342887915
14,0.1466673917683034
15,0.13973614379363955
16,0.1334728792209849
17,0.14182968817337263
18,0.13580710554345585
19,0.12820942348076236
20,0.13556924887658078
21,0.1261359091448487
22,0.12235451115016964
23,0.12064513220127059
24,0.11525924536631482
25,0.12209124792495678
26,0.1174477087690627
27,0.11964943026588566
28,0.1125391622955315
29,0.11367290721442622
30,0.11439331782931797
31,0.10505265234416472
32,0.10977648242851326
33,0.10695182217349267
34,0.13599650310602224
35,0.10581328742334555
36,0.09898965917813138
37,0.10243995461284658
38,0.09878139353046815
39,0.0958840653971123
40,0.10241370031545902
41,0.0981436679710659
42,0.09479342897019395
43,0.10084650564895964
44,0.09283360408554817
45,0.0936758529994337
