0,2.2248812793525174
1,1.897556335821639
2,1.7876674065914757
3,1.7051983533694506
4,1.652847204765264
5,1.5969550019343115
6,1.558228040408624
7,1.5856909538707593
8,1.5959538292420752
9,1.4939761327130952
10,1.4556953252957106
11,1.4189022167465692
12,1.4333639149248165
13,1.4100106009021582
14,1.3773696880851058
15,1.361016503505753
16,1.3627019193920775
17,1.3137575605489913
18,1.258800523994613
19,1.2317618130187338
20,1.2137382707021531
21,1.1830116629310479
22,1.1974857442280382
23,1.193429858290076
24,1.103752261820791
25,1.077287099802291
26,1.070392614951099
27,1.0525128494068945
28,1.0117842943708972
29,0.9857216204749987
30,0.9671038519001935
31,0.95893600060992
32,0.9283054836475066
33,0.9155832608830899
34,0.8921672924446653
35,0.8767567120329307
36,0.8667478601282821
37,1.0225996279368434
38,0.8784625538219211
39,0.8181379530261613
40,0.800038031417958
41,0.7903006252291139
42,0.785185775980172
43,0.7757099910374106
44,0.7698263233740544
45,0.7824792842360309
46,0.7476015932078489
47,0.7418421856388269
