1,0.212658744482767
2,0.23147819191217422
3,0.24468255504256203
4,0.2509623205377942
5,0.2560912881578718
6,0.2579762108978771
7,0.26030755539735156
8,0.2652480343268031
9,0.2669940668912161
10,0.2710218436661221
11,0.26954366727953866
12,0.2734722402833757
13,0.2720238296758561
14,0.2753670836488406
15,0.2760218403169087
16,0.2742559728877885
17,0.2726984368193717
18,0.27473216468379613
19,0.2738095447421074
20,0.27417660717453274
21,0.2728373206087521
22,0.2730754120718865
23,0.2760317698121071
24,0.27398811138811563
25,0.27538692348060156
26,0.27216272091581706
27,0.2749504163151696
28,0.27478176532756715
29,0.27347223921900704
30,0.2733333557844162
31,0.2717658880920637
32,0.27476192230270025
33,0.27176589022080105
34,0.2725297829934529
35,0.27394843101501465
36,0.27332342735358645
37,0.2743155008980206
38,0.27045637191761107
39,0.2702877163177445
40,0.2724801784469968
41,0.27052581097398487
42,0.2709623234612601
43,0.271527794500192
44,0.26899803500799907
45,0.27112104885634924
46,0.26956350817566826
47,0.27131946313948857
48,0.27065478300764445
49,0.270882951716582
