1,18.20878182375014
2,25.379541997735448
3,47.05233526520023
4,68.90967208521845
5,92.9763337148856
6,115.84653179640702
7,137.54440172980813
8,159.27639144526051
9,182.42500903301743
10,206.19729243620898
11,227.91499344088726
12,249.64825114468775
13,271.58997546151494
14,296.37320432218047
15,318.00461565988786
16,339.6185806614874
17,361.17099703156197
18,385.5183656549357
19,407.73005671626896
20,429.29839869686845
21,450.7032312234565
22,473.8462420728579
23,496.97741485657605
24,518.5767441879179
25,539.9415923577052
26,561.854160332051
27,586.1781572260672
28,607.3338242660429
29,628.8315737339352
30,649.8860968537554
31,674.1432208202432
32,695.5747328133418
33,716.9815075237901
34,737.8879659161364
35,761.2053522879888
36,783.2873393091662
37,804.7205836545623
38,825.3955851897265
39,847.4394219884041
40,870.636111369723
41,891.4092693212791
42,912.2634898837633
43,932.9423717320811
44,957.096067478884
45,977.7613342161353
46,998.2132192615563
47,1018.9016840627179
48,1041.4164203388455
49,1063.219368708303
