1,2.2373653215036913
2,1.6712857435247719
3,1.6024813442878258
4,1.5645697432405807
5,1.5463736782692992
6,1.4809588132233455
7,1.4774072844890263
8,1.4807998551316484
9,1.4883395819103016
10,1.4469141406413266
11,1.450640200601388
12,1.457683344762659
13,1.4723329043533449
14,1.4393596900645909
15,1.4544448342332976
16,1.4508294939511204
17,1.4755975371925631
18,1.4670606366761074
19,1.4641847271948267
20,1.465767832363353
21,1.4684492828396223
22,1.471904167538966
23,1.503352419841604
24,1.5005423004680425
25,1.4771545309324052
26,1.4931337554121114
27,1.5143363364569797
28,1.5044872688231554
29,1.5119513563403735
30,1.5123622913147807
31,1.510543627381083
32,1.558234385012613
33,1.5477655494914335
34,1.5493979038137935
35,1.550386606317021
36,1.601931498572986
37,1.581417639526344
38,1.6044272618409827
39,1.5970537230886261
40,1.6310735295316994
41,1.6210045058877183
42,1.6233368859329764
43,1.6285936709108024
44,1.6396640001155784
45,1.6961693225719383
46,1.6883690667926177
47,1.696048229872334
48,1.691598065363708
49,1.7314727683579947
