1,2.219156537167199
2,1.645906200636231
3,1.5554290078958197
4,1.4956600696271622
5,1.453397339062565
6,1.365112274220217
7,1.3398628774085828
8,1.321523456617011
9,1.3059145629285074
10,1.2407168392960972
11,1.2227251981866771
12,1.2080350822899453
13,1.2007429158469969
14,1.1429864720084362
15,1.1364402014754607
16,1.1112108968092511
17,1.1144265237492916
18,1.0815422529502041
19,1.0564546501660685
20,1.0364694133491594
21,1.0177460308007247
22,0.9980579027055969
23,1.0063749824406893
24,0.9819655313211328
25,0.9372129139261846
26,0.9312795665394704
27,0.9281581533849844
28,0.8971534170678857
29,0.8831197530575263
30,0.8624761649851383
31,0.8364003751630957
32,0.8626596159311144
33,0.8307840126523139
34,0.8115099010796383
35,0.7891812192136327
36,0.81864412077542
37,0.7766970196553709
38,0.7790316373532974
39,0.7496142581437713
40,0.760437373275931
41,0.7295951953886972
42,0.71107335204285
43,0.6956512564698775
44,0.6825678864187933
45,0.7184079401270613
46,0.6901558003488467
47,0.6771464953557956
48,0.6501815963468494
49,0.6682533515092084
