1,0.6994948469102382
2,0.6656461475417018
3,0.650848602950573
4,0.6382221973314881
5,0.6274227027222514
6,0.618191543482244
7,0.6102958004176616
8,0.6035304160043597
9,0.5977154586836696
10,0.5926957032829523
11,0.588339174054563
12,0.5845352222397924
13,0.5811910467222333
14,0.5782309973984957
15,0.575591329112649
16,0.5732196982949972
17,0.5710730247572064
18,0.5691159236803651
19,0.567318968884647
20,0.5658294982463121
21,0.5650026345998049
22,0.5643149895220995
23,0.5637113144993782
24,0.5631798443943262
25,0.5627103070914745
26,0.5622951086983085
27,0.5619267920032144
28,0.561599342636764
29,0.5613076338917017
30,0.5610472248494625
31,0.5608139711618424
32,0.5606053236499429
33,0.5604180859774351
34,0.5602497931569814
35,0.5600983132794499
36,0.5599617676436901
37,0.5598381553962827
38,0.5597267897427082
39,0.5596260317787528
40,0.5595347766205668
41,0.5594520437717437
42,0.5593769554421306
43,0.5593083942681552
44,0.5592464037239552
45,0.5591900084912776
46,0.5591386409848929
47,0.559091826453805
48,0.5590491281077266
49,0.559009773619473
50,0.5589741628989577
51,0.5589416253939271
52,0.558911857008934
53,0.5588846107572317
54,0.5588596574962139
55,0.5588364086672664
56,0.5588154342025519
57,0.5587961899489164
58,0.5587785226851701
59,0.5587622883915901
60,0.5587473567575216
61,0.5587332825735212
62,0.5587206685915589
63,0.55870905444026
64,0.5586983494833112
65,0.5586884707584977
66,0.558679350502789
67,0.5586705606803298
68,0.5586627836525441
69,0.5586555964872241
70,0.5586489208787679
71,0.5586427428200841
72,0.5586370343714953
73,0.5586313582584261
74,0.558626413680613
75,0.558621806949377
76,0.5586175030097366
77,0.5586134755611419
78,0.5586097058281303
79,0.5586057789623737
80,0.5586024433746934
81,0.558599294424057
82,0.5585963270813227
83,0.5585935155302286
84,0.5585908460989595
85,0.5585879255086184
86,0.5585854917019606
87,0.5585831661522388
88,0.5585809381306172
89,0.5585787935554981
90,0.558576728887856
91,0.558574355058372
92,0.5585724677890539
93,0.5585706738755107
94,0.5585689285025001
95,0.5585672270506621
96,0.5585655624046921
97,0.5585635590553284
98,0.5585619511455298
99,0.55856036324054
100,0.5585587986558675
101,0.5585572502017021
102,0.5585557208582759
103,0.558553821220994
104,0.5585523010790348
105,0.5585507965832949
106,0.5585492946207523
107,0.5585477926209569
108,0.5585463039204478
109,0.5585444651544094
110,0.558542994596064
111,0.5585415198653937
112,0.5585400455445051
113,0.5585385607555509
114,0.5585370691865683
115,0.5585351987928152
116,0.5585336907207966
117,0.5585321763902903
118,0.5585306457430125
119,0.5585291123017668
120,0.558527569025755
121,0.5585256481543184
122,0.5585240761935711
123,0.5585224980488419
124,0.5585209069773555
125,0.5585193122923374
126,0.5585177009180188
127,0.5585157072171569
128,0.558514068312943
129,0.5585124207660556
130,0.5585107612237334
131,0.5585090915113687
132,0.5585074089094997
133,0.5585053473338485
134,0.5585036427900195
135,0.5585019260272384
136,0.5585002019256353
137,0.5584984572976828
138,0.5584967132657767
139,0.5584945845603942
140,0.5584928139671683
141,0.5584910341352224
142,0.558489245697856
143,0.558487446308136
144,0.558485640399158
145,0.558483459725976
146,0.5584816282615066
147,0.5584797916561365
148,0.5584779495745897
149,0.5584760954231024
150,0.5584742399677635
151,0.5584720234572887
152,0.5584701712429524
153,0.5584683187678456
154,0.5584664465114474
155,0.5584645779430866
156,0.5584627005457878
157,0.5584604473412037
158,0.5584585477411746
159,0.5584566669538618
160,0.5584547965601087
161,0.5584529061615467
162,0.5584510199353099
163,0.5584487591683864
164,0.5584468544647098
165,0.558444949425757
166,0.558443037122488
167,0.5584411159902811
168,0.5584391984716057
169,0.558436904028058
170,0.5584349736943841
171,0.5584330385923386
172,0.5584311035275459
1,0.6606677205488086
2,0.5857660984620452
3,0.5619739137031138
4,0.5404134433344007
5,0.5203103777952492
6,0.5015089762583375
1,0.5535857314057648
2,0.5225656686164438
3,0.4991213016305119
4,0.4818470270372927
5,0.4667932835686952
6,0.453731203302741
1,1.1704493379592895
2,0.5981080067530274
3,0.5627769961208106
4,0.5309586180746555
5,0.5019670824334025
6,0.47552481565624477
1,0.6116911537945271
2,0.2967414749413729
3,0.27741623036563395
4,0.2626972486823797
5,0.2486704581975937
6,0.2350028256699443
7,0.2216397124901414
8,0.2085538997128606
9,0.19572453767061235
10,0.18313274825923145
11,0.17435599059564993
12,0.17116172755602746
13,0.168208347694017
14,0.16542856233892964
15,0.1628102138196118
16,0.16034152151318268
17,0.1580116338492371
18,0.15581053829053418
19,0.1537296278611757
20,0.15175918778870254
21,0.1498920050333254
22,0.14812087166006677
23,0.14643914425279944
24,0.14484069278347306
25,0.1433204877958633
26,0.14187207780661992
27,0.14049126464989967
28,0.13917360961437225
29,0.13791499857674352
30,0.13671163989463822
31,0.13556063643540256
32,0.13445750894374214
33,0.13339985776576213
34,0.13238489807117731
35,0.13141004641191104
36,0.13047290677088313
37,0.12957186668762005
38,0.1287036306306254
39,0.1278668919368647
40,0.12705986443092115
41,0.1262808922654949
42,0.1255284215102438
43,0.12480162992142141
44,0.12409794419363607
45,0.12341672071779612
46,0.12275678797101136
47,0.12211705441121012
48,0.1214964983559912
49,0.12089477583533154
50,0.12030975660076365
51,0.11974121885024942
52,0.1191883738298202
53,0.11865048146806657
54,0.11812684871663805
55,0.11761743479117286
56,0.11712039721431211
57,0.11663577367202378
58,0.11616301607631613
59,0.11570161657524296
60,0.11525108955887844
61,0.11481159170070895
62,0.11438146480941214
63,0.11396091288799653
64,0.11354955315240658
65,0.11314701792376582
66,0.11275296551233623
67,0.11236768406582996
68,0.11198963119531982
69,0.11161912591574946
70,0.1112558919240837
71,0.11089966224273667
72,0.11055018819693942
73,0.11020783925341675
74,0.1098711642069975
75,0.10954056096146815
76,0.10921581369213527
77,0.1088967377821973
78,0.10858313426870154
79,0.10827544665618916
80,0.10797227057773853
81,0.1076740598102333
82,0.10738065420067869
83,0.10709190873865737
84,0.10680768150748918
85,0.10652844716809341
86,0.10625285021262243
87,0.10598137223758386
88,0.10571390017794328
89,0.10545031741290586
90,0.10519051184935961
91,0.1049349959733081
92,0.1046824407033273
93,0.10443335375399329
94,0.104187648811494
95,0.10394523534559993
96,0.10370602530208999
97,0.10347054772588309
98,0.10323749938499532
99,0.10300741096201818
100,0.10278021362166329
101,0.10255582961915934
102,0.10233419670556032
103,0.10211585891767755
104,0.10189952255081153
105,0.10168573949937126
106,0.10147445456328569
107,0.10126560717610118
108,0.10105913833256636
109,0.10085560977422574
110,0.10065374382902519
111,0.10045410315025947
112,0.10025663720189186
113,0.10006129870671429
114,0.09986804393549392
115,0.09967744261564804
116,0.0994882214430254
117,0.09930095449642977
118,0.0991155977116432
119,0.09893211939655884
120,0.09875047641828133
121,0.09857124289846979
122,0.09839316381941898
123,0.09821681189096125
124,0.09804215562253375
125,0.09786916299832228
126,0.09769780033559072
127,0.09752865067443053
128,0.09736045862835453
129,0.09719380673821433
130,0.09702866615971288
131,0.0968650112650721
132,0.0967028161831331
133,0.09654266328601807
134,0.09638330539441085
135,0.0962253290595254
136,0.09606870960622473
137,0.0959134253468801
138,0.09575944808595523
139,0.09560737311829143
140,0.09545595412047987
141,0.09530578010140743
142,0.095156830650958
143,0.09500908569087187
144,0.09486252776019682
145,0.0947177448275761
146,0.09457349898621033
147,0.09443038027286094
148,0.09428837339226448
149,0.0941474601682603
150,0.094007620178254
151,0.09386945104217376
152,0.09373171823961457
153,0.09359500998103613
154,0.09345931521875173
155,0.09332461398571468
156,0.0931908961631052
157,0.09305875733745779
158,0.09292696116746811
159,0.09279610226119984
160,0.09266616749186142
161,0.09253714902346473
162,0.09240902601788548
163,0.09228239972588198
164,0.09215604179791625
165,0.09203053998267934
166,0.09190589043982982
167,0.09178207618859233
168,0.09165909071674833
169,0.09153752933700161
170,0.09141616470475128
171,0.09129559110045193
172,0.09117580088632167
173,0.09105678220483242
174,0.0909385278694299
175,0.090821632534944
176,0.09070487398475052
177,0.09058884553682219
178,0.09047354099003314
179,0.0903589506895969
180,0.0902450645031331
181,0.0901324819468573
182,0.0900199841491758
183,0.0899081614521856
184,0.08979700846504785
185,0.08968652179647506
186,0.08957668747687421
187,0.08946810519883001
188,0.08935955791438573
189,0.08925163828698715
190,0.08914434356788661
191,0.0890376671503509
192,0.08893159775873755
193,0.0888267334109878
194,0.08872186294838684
195,0.08861757538488746
196,0.08851387193597475
197,0.08841074243702679
198,0.0883081808676161
199,0.08820678445811608
200,0.08810533915122505
201,0.08800444253904971
202,0.08790409006712252
203,0.08780427446230533
204,0.08770498784301708
205,0.0876068320925151
206,0.08750859291347296
207,0.08741086455165714
208,0.08731364676184057
209,0.08721693055725155
210,0.0871207144474647
211,0.08702559448564898
212,0.08693035491546652
213,0.08683559769131534
214,0.08674131949315779
215,0.08664751297719704
216,0.08655417192307141
217,0.086461898954567
218,0.08636948036301874
219,0.08627751209565758
220,0.08618599459978213
221,0.08609492300669444
222,0.08600428757160444
223,0.08591469209897241
224,0.085824925356319
225,0.08573558457890158
226,0.08564666655417114
227,0.08555816637825046
228,0.08547007902800488
229,0.08538300614905438
230,0.08529573748150142
231,0.08520886948866518
232,0.0851224037202428
233,0.0850363298526372
234,0.0849506503230532
235,0.0848659575081183
236,0.0847810477146504
237,0.08469651903655631
238,0.0846123663753815
239,0.08452858679370365
240,0.08444517875595466
1,0.4848528143763542
2,0.45994656413793567
3,0.43603141251951455
4,0.4119742364063859
5,0.3893013697117567
6,0.3680762736871839
7,0.3482086490932852
8,0.3342741549527273
9,0.3247083021514118
10,0.3160712228808552
11,0.3082568867318332
12,0.3011716991942376
13,0.29473342980723827
14,0.2888693808345124
15,0.2835160069447011
16,0.2786172435991466
17,0.2741236643772572
18,0.2699916904466227
19,0.2661829911498353
20,0.26266330152284356
21,0.25940271261380987
22,0.25637466537533327
23,0.253555647325702
24,0.2509248599153943
25,0.24846399577567355
26,0.2461564464867115
27,0.2439878567913547
28,0.24194535708753392
29,0.24001750787952914
30,0.23819412812590599
31,0.2364662910369225
32,0.23482562777819113
33,0.23326505219447427
34,0.231778104811674
35,0.23035898026544602
36,0.22900248228688724
37,0.22770406731637194
38,0.2264592458505649
39,0.2252643588767387
40,0.22411595212179236
41,0.22301092363079078
42,0.22194642986170948
43,0.2209200462163426
44,0.21992914112051948
45,0.21897171087388415
46,0.2180458000471117
47,0.2171496041479986
48,0.2162814757495653
49,0.2154400299390545
50,0.21462359281256796
51,0.21383100287348497
52,0.21306106563541108
53,0.2123126655758824
54,0.21158477933902758
55,0.21087658554315566
56,0.21018689462449403
57,0.20951503501855767
58,0.2088602124847239
59,0.20822169933002443
60,0.2075988132538623
61,0.20699105919367866
62,0.2063975319318706
63,0.20581781937071356
64,0.20525138976576274
65,0.20469772761891364
66,0.20415635136363564
67,0.2036269675794756
68,0.2031088510376867
69,0.20260175083356444
70,0.20210526658542222
71,0.20161904759210303
72,0.20114274268969892
73,0.20067615801701322
74,0.20021869847463677
75,0.19977021127619082
76,0.19933040632284246
77,0.1988990091305459
78,0.1984757648097002
79,0.19806056982808515
80,0.19765288361842978
81,0.1972526340057084
82,0.19685960219896514
83,0.19647357255977113
84,0.19609434908124967
85,0.19572188560443465
86,0.19535569822517573
87,0.19499576212183456
88,0.19464190116283134
89,0.19429395416314946
90,0.19395176563135463
91,0.19361532000271836
92,0.19328417784010526
93,0.19295835516415535
94,0.19263770997014945
95,0.19232210689631757
96,0.19201141531870236
97,0.19170567193767055
98,0.1914044511054817
99,0.19110779735128744
100,0.1908155916503165
101,0.19052772781666136
102,0.1902441061391437
103,0.18996477297274394
104,0.1896893242582155
105,0.18941783116781152
106,0.1891501938061265
107,0.18888632695234264
108,0.18862614196805225
109,0.18836970508971718
110,0.1881166380635841
111,0.18786701281220303
112,0.18762075993756297
113,0.1873777950877411
114,0.18713805124993088
115,0.18690161357859325
116,0.18666810462047578
117,0.1864376222906867
118,0.18621009482252704
119,0.18598545719709364
120,0.18576365641507436
121,0.18554478563972224
122,0.1853284781349066
123,0.1851148391928291
124,0.18490381014911692
125,0.18469533950148617
126,0.1844893725239672
127,0.1842860252643004
128,0.1840849259687093
129,0.18388619183075205
130,0.18368977640435333
131,0.18349563303097965
132,0.1833037137820793
133,0.18311414409632562
134,0.18292655580618886
135,0.1827410776136094
136,0.18255766550500993
137,0.18237627875321777
138,0.18219688821263844
139,0.18201960202568443
140,0.18184407361841295
141,0.18167043544781336
142,0.18149864922277628
143,0.18132867770953454
144,0.18116049146214208
145,0.1809942112681165
146,0.18082949660980374
147,0.18066648007043112
148,0.18050512267975136
149,0.1803454030766443
150,0.1801872862282471
151,0.18003090937476374
152,0.17987592113589926
153,0.17972246585253743
154,0.17957051062396204
155,0.17942003063420997
156,0.17927100049208092
157,0.17912355802734964
158,0.17897735780228685
159,0.17883254333079093
160,0.17868908918193482
161,0.17854697091119306
162,0.17840616737659729
163,0.17826682122460624
164,0.17812858410849003
165,0.17799160952839885
166,0.1778558651489584
167,0.17772134080238175
168,0.17758801103722363
169,0.177456019825986
170,0.1773250312057644
171,0.17719518326819525
172,0.17706646321239533
173,0.17693885478911398
174,0.1768123358196317
175,0.17668705532814782
176,0.17656267285456123
177,0.17643933852254123
178,0.1763170302886283
179,0.17619573511292402
180,0.17607544479214993
181,0.175956300095786
182,0.17583796499471646
183,0.17572059073678248
184,0.17560415752104747
185,0.17548865731201657
186,0.17537407584033646
187,0.17526055606904264
188,0.17514777174146728
189,0.17503586925653508
190,0.17492483476140477
191,0.17481465348213532
192,0.1747053198047797
193,0.17459698488575667
194,0.17448930697246395
195,0.17438244304430556
196,0.1742763752481551
197,0.17417109847552636
198,0.17406660373446356
199,0.17396304621761374
200,0.17386007713696017
201,0.1737578618410771
202,0.17365638650982873
203,0.17355564475063148
204,0.17345561959591577
205,0.17335647892487033
206,0.17325787008587212
207,0.17315995919223495
208,0.17306272973943124
209,0.17296618386229967
210,0.17287030321567726
211,0.17277525284634976
212,0.1726806867993946
213,0.172586767265675
214,0.1724934859993482
215,0.1724008346716437
216,0.1723088002248187
217,0.17221755422910065
218,0.17212674452228385
219,0.17203653490250873
220,0.1719469218462109
221,0.17185789554756412
222,0.171769446613107
223,0.17168173305106393
224,0.1715944238532029
225,0.17150767548999282
226,0.1714214768322381
227,0.17133583049875598
228,0.17125072407274275
229,0.17116631416583913
230,0.1710822707216903
231,0.17099875286616226
232,0.17091574966176268
233,0.17083325457031606
234,0.1707512673032761
235,0.1706699540221416
236,0.17058896053900752
237,0.1705084610308222
238,0.17042844456856984
239,0.17034890847890893
240,0.170269849025226
