1,0.6849173430615129
2,0.6516945940399489
3,0.6376672702279516
4,0.6258102903925565
5,0.6157798082467671
6,0.607317663200081
7,0.6001911264189294
8,0.594193886223696
9,0.5891460321726839
10,0.5848928631893611
11,0.5813029150771034
12,0.5782655450443247
13,0.5756883421831668
14,0.5734945630180066
15,0.5716207258759837
16,0.5700144419701391
17,0.5686325175948472
18,0.5674393310898048
19,0.5664054687557906
20,0.5655065933020296
21,0.564722514121899
22,0.5640364284983562
23,0.5634343050055859
24,0.5629043836843026
25,0.562436771241223
26,0.5620231130978808
27,0.5616563273515793
28,0.561330388515087
29,0.5610401512580457
30,0.5607812063130063
31,0.5605497622832959
32,0.5603425483548844
33,0.5601567339241259
34,0.559989861955932
35,0.5598397935236005
36,0.55970466148618
37,0.5595828316594517
38,0.5594728701543703
39,0.5593735158096523
40,0.5592836568468719
41,0.5592023110377378
42,0.5591286088026913
43,0.5590617787641605
44,0.5590011353619905
45,0.5589460682067964
46,0.5588960329024583
47,0.5588505431142604
48,0.5588091636962289
49,0.5587715047216634
50,0.5587372162859462
51,0.5587059839714295
52,0.5586775248813836
53,0.5586515841642887
54,0.5586279319616452
55,0.5586063607224534
56,0.5585866828358557
57,0.5585687285404647
58,0.5585523440748009
59,0.5585373900382955
60,0.5585237399365166
61,0.5585112788879125
62,0.5584999024723926
63,0.558489515704719
64,0.5584800321178934
65,0.5584713729436479
66,0.5584634663788041
67,0.558456246927677
68,0.5584496548119218
69,0.5584436354402906
70,0.5584381389316717
71,0.5584331196855862
72,0.5584285359950141
73,0.5584243496970099
74,0.5584205258571092
75,0.5584170324839828
76,0.5584138402711912
77,0.5584109223632584
78,0.5584082541435849
79,0.5584058130419921
80,0.5584035783599398
81,0.5584015311116617
82,0.5583996538796557
83,0.5583979306831336
84,0.5583963468581711
85,0.5583948889484497
86,0.5583935446055736
87,0.558392302498064
88,0.5583911522282239
89,0.5583900842561379
90,0.5583890898301522
91,0.5583881609232465
92,0.5583872901747629
93,0.5583864708370059
94,0.5583856967262866
95,0.5583849621780103
96,0.5583842620054572
97,0.5583835914619292
98,0.5583829462059753
99,0.5583823222694265
100,0.558381716028002
101,0.5583811241742679
102,0.5583805436927505
103,0.5583799718370196
104,0.558379406108586
105,0.55837884423745
106,0.5583782841641782
107,0.5583777240233756
108,0.5583771621284401
109,0.5583765969575003
110,0.5583760271404329
111,0.558375451446884
112,0.5583748687752059
113,0.5583742781422377
114,0.5583736786738696
115,0.5583730695963223
116,0.5583724502280887
117,0.5583718199724879
118,0.5583711783107804
119,0.5583705247958036
120,0.5583698590460893
121,0.5583691807404244
122,0.5583684896128157
123,0.5583677854478445
124,0.5583670680763606
125,0.5583663373715055
126,0.558365593245035
127,0.5583648356439176
128,0.5583640645471876
129,0.5583632799630409
130,0.558362481926147
131,0.5583616704951628
132,0.5583608457504403
133,0.5583600077919039
134,0.5583591567370925
135,0.5583582927193504
136,0.5583574158861605
137,0.5583565263975987
138,0.5583556244249162
139,0.5583547101492286
140,0.5583537837603072
141,0.5583528454554678
142,0.5583518954385455
143,0.5583509339189527
144,0.5583499611108147
145,0.5583489772321701
146,0.558347982504245
147,0.5583469771507787
148,0.5583459613974133
149,0.55834493547113
150,0.5583438995997375
151,0.5583428540113997
152,0.5583417989342141
153,0.5583407345958178
154,0.558339661223037
155,0.5583385790415663
156,0.5583374882756792
157,0.5583363891479652
158,0.558335281879097
159,0.5583341666876178
160,0.5583330437897525
161,0.5583319133992408
162,0.558330775727186
163,0.5583296309819279
164,0.5583284793689236
165,0.5583273210906498
166,0.5583261563465165
167,0.5583249853327937
168,0.5583238082425501
169,0.5583226252656016
170,0.5583214365884711
171,0.5583202423943583
172,0.5583190428631127
1,0.6168626232801935
2,0.5485622560505701
3,0.5318478366352524
4,0.517365137559616
5,0.5043386246453876
6,0.4926116925187711
1,0.5420281174784205
2,0.5180998703748965
3,0.49898042483399313
4,0.48174382374695957
5,0.46669019714650395
6,0.4536282355637973
1,1.1056623691784462
2,0.5402149861275862
3,0.5124674074873441
4,0.4882308656720429
5,0.4668185706905602
6,0.44795276095500486
1,0.5258307109626367
2,0.21900314799039086
3,0.2087121282042566
4,0.20302736911482458
5,0.19803481187508143
6,0.19340092190633912
7,0.1890687696044669
8,0.18501263170810997
9,0.18121186290396044
10,0.1776476685583064
11,0.17430263063617096
12,0.17116059376432244
13,0.16820659748828162
14,0.16542681054175926
15,0.16280846229538223
16,0.16033977267835905
17,0.15800988244298597
18,0.15580878525304423
19,0.15372726260625566
20,0.1517568222153315
21,0.14988964018524467
22,0.14811850711912186
23,0.14643677814241715
24,0.1448383267388927
25,0.14331750223009965
26,0.14186909069319134
27,0.14048827909295686
28,0.13917062239761477
29,0.13791201345018023
30,0.13670865537516222
31,0.13555703631178193
32,0.13445390627828574
33,0.13339625598612342
34,0.13238129743703964
35,0.13140644614997807
36,0.1304693048778147
37,0.1295676486861585
38,0.1286994112777159
39,0.12786267245599392
40,0.12705564663147387
41,0.12627667228185382
42,0.12552420228564468
43,0.12479679505534963
44,0.12409310640276662
45,0.12341188207467554
46,0.1227519509023857
47,0.12211221851336873
48,0.12149166155754224
49,0.1208893224047423
50,0.12030430427356516
51,0.11973576675509454
52,0.11918292169810377
53,0.1186450294251356
54,0.11812139525145345
55,0.11761136628123682
56,0.11711432845758095
57,0.11662970384486185
58,0.11615694812387954
59,0.11569554828186913
60,0.11524502048102861
61,0.11480490809062173
62,0.11437477986901641
63,0.1139542282832045
64,0.11354286795442968
65,0.11314033421954713
66,0.11274628179863415
67,0.11236038356020236
68,0.11198232937610804
69,0.11161182505894562
70,0.11124859137533162
71,0.11089236312905487
72,0.1105428883085858
73,0.11019992729390897
74,0.10986325211807263
75,0.10953264577923756
76,0.10920790159936432
77,0.10888882262600086
78,0.10857522107392847
79,0.10826691780368852
80,0.1079637418342636
81,0.107665529887403
82,0.10737212596128899
83,0.10708338093142629
84,0.10679915217680368
85,0.10651930322953476
86,0.10624370344632145
87,0.10597222770021805
88,0.10570475609128724
89,0.10544117367484984
90,0.10518137020612857
91,0.10492523990017609
92,0.10467268120606149
93,0.10442359659436563
94,0.10417789235710428
95,0.1039354784192646
96,0.10369626816119895
97,0.10346017825117265
98,0.10322712848741496
99,0.10299704164906809
100,0.10276984335546918
101,0.10254546193324522
102,0.10232382829072849
103,0.10210487579924422
104,0.101888540180843
105,0.10167475940208569
106,0.10146347357351367
107,0.10125462485446006
108,0.10104815736288249
109,0.1008440170899174
110,0.10064215181887758
111,0.10044251104843031
112,0.10024504591971235
113,0.10004970914715307
114,0.09985645495279098
115,0.09966523900388409
116,0.09947601835362589
117,0.09928875138479
118,0.09910339775614005
119,0.09891991835144909
120,0.09873827523098261
121,0.09855843158531054
122,0.0983803516913185
123,0.09820400087029892
124,0.09802934544800943
125,0.09785635271659072
126,0.09768499089824599
127,0.09751522911058672
128,0.09734703733355697
129,0.09718038637785253
130,0.09701524785475722
131,0.0968515941473222
132,0.09668939838281901
133,0.09652863440640036
134,0.09636927675590747
135,0.09621130063776633
136,0.09605468190391571
137,0.09589939702971836
138,0.09574542309280293
139,0.09559273775279407
140,0.09544131923188398
141,0.09529114629620619
142,0.09514219823797164
143,0.09499445485833118
144,0.09484789645092809
145,0.09470250378610973
146,0.09455825809576603
147,0.09441514105876453
148,0.09427313478695641
149,0.09413222181172498
150,0.09399238507105212
151,0.0938536078970799
152,0.09371587400414333
153,0.09357916747725442
154,0.09344347276101658
155,0.09330877464894977
156,0.09317505827320931
157,0.09304230909468028
158,0.09291051289343151
159,0.09277965575951232
160,0.09264972408408022
161,0.09252070455084167
162,0.09239258412779534
163,0.09226535005926405
164,0.0921389898582035
165,0.09201349129877609
166,0.09188884240917888
167,0.09176503146471608
168,0.09164204698110455
169,0.091519877708004
170,0.09139851262276318
171,0.09127794092437204
172,0.09115815202761317
173,0.09103913555740357
174,0.0909208813433201
175,0.09080337941430063
176,0.09068661999351547
177,0.09057059349340063
178,0.09045529051084905
179,0.09034070182255104
180,0.09022681838048141
181,0.09011363130752553
182,0.09000113189323974
183,0.08988931158974175
184,0.08977816200772606
185,0.08966767491259896
186,0.08955784222073003
187,0.08944865599581553
188,0.0893401084453491
189,0.08923219191719683
190,0.08912489889627281
191,0.08901822200131111
192,0.08891215398173115
193,0.08880668771459428
194,0.08870181620164591
195,0.08859753256644336
196,0.08849383005156408
197,0.08839070201589264
198,0.08828814193198373
199,0.08818614338349899
200,0.08808470006271385
201,0.08798380576809375
202,0.08788345440193694
203,0.08778363996808071
204,0.08768435656967062
205,0.08758559840698905
206,0.08748735977534323
207,0.08738963506300818
208,0.0872924187492253
209,0.08719570540225371
210,0.08709948967747212
211,0.08700376631553168
212,0.08690853014055526
213,0.08681377605838486
214,0.08671949905487333
215,0.08662569419422024
216,0.08653235661735012
217,0.08643948154033204
218,0.08634706425283911
219,0.08625510011664662
220,0.08616358456416823
221,0.08607251309702793
222,0.08598188128466859
223,0.08589168476299351
224,0.08580191923304271
225,0.08571258045970069
226,0.08562366427043631
227,0.08553516655407284
228,0.08544708325958801
229,0.08535941039494314
230,0.08527214402593937
231,0.08518528027510251
232,0.08509881532059342
233,0.08501274539514439
234,0.08492706678502109
235,0.08484177582900763
236,0.08475686891741697
237,0.08467234249112299
238,0.08458819304061552
239,0.08450441710507717
240,0.08442101127148142
1,0.43342511286594354
2,0.41607191995074433
3,0.40026931717143444
4,0.38432471290246306
5,0.3697643671178226
6,0.35665022728650053
7,0.3448566286823195
8,0.334242871126248
9,0.3246770388495562
10,0.31603997214889257
11,0.3082256574335712
12,0.30114049063455195
13,0.29470210299187494
14,0.28883807803410716
15,0.2834847244684036
16,0.27858597313433103
17,0.2740924136741235
18,0.2699604623607384
19,0.26615164415673537
20,0.2626319713067036
21,0.2593714029277113
22,0.25634337288112463
23,0.253524375765788
24,0.25089360291210616
25,0.24843262179834671
26,0.24612509345690625
27,0.2439565232958013
28,0.24191404141476633
29,0.23998620900795983
30,0.23816284785916256
31,0.2364348902793149
32,0.23479424712962071
33,0.23323369182905565
34,0.23174675847145235
35,0.23032765238000763
36,0.22897117160975117
37,0.22767263807372232
38,0.22642783711806508
39,0.2252329645062718
40,0.2240845798944487
41,0.22297956598871216
42,0.22191509267353285
43,0.22088858548693327
44,0.2198976978957724
45,0.21894028689278053
46,0.21801439149736349
47,0.2171182137953005
48,0.21625010219904772
49,0.21540853665114454
50,0.2145921155288802
51,0.2137995440394813
52,0.2130296239221897
53,0.21228124429720954
54,0.21155337352203044
55,0.2108450519334933
56,0.21015538536947467
57,0.20948353937756134
58,0.208828734029793
59,0.20819023927274113
60,0.20756737075103915
61,0.20695948605017989
62,0.20636598131108375
63,0.20578628817477637
64,0.20521987102058273
65,0.20466622446566884
66,0.20412487109761768
67,0.20359535941509427
68,0.2030772619545888
69,0.20257017358380205
70,0.20207370994448548
71,0.20158750602951248
72,0.20111121488069195
73,0.20064450639534567
74,0.2001870662310042
75,0.1997385947987442
76,0.1992988063367269
77,0.19886742805639945
78,0.19844419935462493
79,0.1980288710857195
80,0.19762120488799112
81,0.1972209725599429
82,0.19682795548178092
83,0.1964419440783171
84,0.19606273731973345
85,0.19569014225702808
86,0.19532397358926634
87,0.19496405326003544
88,0.19461021008074705
89,0.19426227937865131
90,0.19392010266762127
91,0.19358352733994255
92,0.19325240637750415
93,0.19292659808092133
94,0.19260596581525946
95,0.19229037777113359
96,0.19197970674006748
97,0.19167382990308904
98,0.19137262863162463
99,0.19107598829982814
100,0.19078379810755752
101,0.19049595091326693
102,0.19021234307614562
103,0.18993287430688863
104,0.1896574475265223
105,0.1893859687327666
106,0.18911834687344126
107,0.18885449372646868
108,0.18859432378605606
109,0.18833775415467222
110,0.1880847044404576
111,0.18783509665973797
112,0.18758885514433135
113,0.18734590645336321
114,0.18710617928931988
115,0.1868696044180933
116,0.1866361145927857
117,0.1864056444810583
118,0.1861781305958197
119,0.18595351122907192
120,0.18573172638873114
121,0.18551271773826478
122,0.18529642853898767
123,0.18508280359487686
124,0.18487178919976482
125,0.18466333308679356
126,0.18445738438000128
127,0.18425389354794017
128,0.1840528123592129
129,0.18385409383983678
130,0.1836576922323392
131,0.18346356295649932
132,0.18327166257165586
133,0.1830819487405024
134,0.182894380194299
135,0.18270891669943348
136,0.18252551902526565
137,0.18234414891319722
138,0.18216476904690665
139,0.18198734302369932
140,0.18181183532691872
141,0.18163821129937205
142,0.18146643711772537
143,0.18129647976782298
144,0.18112830702089405
145,0.18096188741060282
146,0.18079719021091226
147,0.18063418541471912
148,0.18047284371323474
149,0.18031313647607433
150,0.18015503573202982
151,0.1799985141504953
152,0.17984354502351785
153,0.17969010224845283
154,0.17953816031119227
155,0.17938769426995083
156,0.17923867973958119
157,0.17909109287640235
158,0.17894491036351887
159,0.17880010939661173
160,0.1786566676701844
161,0.17851456336424648
162,0.1783737751314156
163,0.17823428208442654
164,0.17809606378402923
165,0.17795910022726233
166,0.17782337183608835
167,0.1776888594463765
168,0.17755554429722425
169,0.17742340802059967
170,0.17729243263129799
171,0.17716260051719948
172,0.17703389442981798
173,0.17690629747512943
174,0.17677979310467282
175,0.1766543651069115
176,0.17652999759884813
177,0.176406675017883
178,0.17628438211390907
179,0.17616310394163384
180,0.17604282585312275
181,0.17592353349055587
182,0.17580521277918756
183,0.1756878499205105
184,0.17557143138560782
185,0.1754559439086943
186,0.1753413744808373
187,0.17522771034385232
188,0.1751149389843677
189,0.17500304812805362
190,0.17489202573400814
191,0.17478185998929938
192,0.17467253930365342
193,0.1745640523042885
194,0.17445638783088854
195,0.17434953493071034
196,0.1742434828538257
197,0.174138221048485
198,0.17403373915661047
199,0.17393002700940335
200,0.17382707462307123
201,0.17372487219466629
202,0.17362341009803076
203,0.17352267887985157
204,0.1734226692558153
205,0.17332337210686466
206,0.17322477847554862
207,0.1731268795624705
208,0.1730296667228236
209,0.1729331314630182
210,0.1728372654373919
211,0.1727420604450052
212,0.17264750842651794
213,0.17255360146114346
214,0.17246033176367967
215,0.1723676916816155
216,0.17227567369230837
217,0.17218427040023124
218,0.1720934745342891
219,0.1720032789452021
220,0.17191367660295115
221,0.17182466059428794
222,0.17173622412030462
223,0.17164836049406315
224,0.17156106313828295
225,0.1714743255830836
226,0.17138814146378067
227,0.17130250451873863
228,0.17121740858727047
229,0.17113284760759073
230,0.17104881561481555
231,0.17096530673901122
232,0.17088231520328823
233,0.1707998353219406
234,0.17071786149862853
235,0.1706363882246041
236,0.1705554100769782
237,0.170474921717028
238,0.17039491788854266
239,0.1703153934162093
240,0.1702363432040339
