1,14.577498931884765
2,13.951559429168702
3,13.181330614089966
4,12.411903553009033
5,11.642889566421509
6,10.873883028030395
7,10.104669971466064
8,9.336531066894532
9,8.569428486824036
10,7.802841410636902
11,7.036259255409241
12,6.269678955078125
13,5.502710342407227
14,4.736433868408203
15,3.9706068992614747
16,3.2052528619766236
17,2.440506660938263
18,1.6765994834899902
19,0.9134985311329364
20,0.3229052819660865
21,0.28011428470141253
22,0.2785580799891613
23,0.27700665733660573
24,0.2754599544144003
25,0.27353742531093306
26,0.2719950589718064
27,0.2704622878454393
28,0.268954993323423
29,0.2674771852360573
30,0.26602129212406
31,0.26421000925998667
32,0.2627777944755508
33,0.26135475977149325
34,0.25993581976101265
35,0.2585209547932027
36,0.2571103123947978
37,0.25532440311391835
38,0.2539168683177559
39,0.2525183444615686
40,0.25112386351451277
41,0.2497333259502193
42,0.2483467912185006
43,0.24661414320464245
44,0.24527233741653617
45,0.24393934865947814
46,0.24260996391996742
47,0.24128434211190325
48,0.23996238727821037
49,0.23826598646410274
50,0.23694647059892304
51,0.23563569025776815
52,0.23432847543503157
53,0.23302478601573967
54,0.23172469682816882
55,0.23005062556301709
56,0.22875271812605205
57,0.2274633409868693
58,0.226177439414314
59,0.22489506351121236
60,0.22361612720997073
61,0.22199938042031137
62,0.22076589738338953
63,0.21954074162087636
64,0.21831878677854546
65,0.21710013855015858
66,0.21588458794576582
67,0.21431374905398115
68,0.21313199381431333
69,0.21195842890563654
70,0.21078790466999636
71,0.20962382202560548
72,0.20850142796
73,0.20700641824514604
74,0.20588490510941482
75,0.20477121351694222
76,0.203660399063956
77,0.202552380579873
78,0.2014471401431365
79,0.19996977661561688
80,0.19886518797662575
81,0.19776839136728086
82,0.1966742653970141
83,0.19558285590959712
84,0.19449420390941669
85,0.19303404304664581
86,0.19194584616168867
87,0.19086537841532844
88,0.18978754610812756
89,0.18871229494048747
90,0.18763964543759357
91,0.18619618546043057
92,0.18518008583632764
93,0.18420712727005595
94,0.18323647404962684
95,0.18226810730877333
96,0.18130203832464759
97,0.17996542772394605
98,0.17899901979486457
99,0.1780397977126995
100,0.17708282667736058
101,0.17612807397614233
102,0.17517559442552738
103,0.17385331480239985
104,0.1729002840956673
105,0.17195452584011947
106,0.17101093136123383
107,0.1700694922968978
108,0.16914341420982965
109,0.16787105186725967
110,0.16696701071923598
111,0.16607009286468383
112,0.16517517527914605
113,0.16428223906084896
114,0.16339130335021765
115,0.16213185156404505
116,0.1612399723159615
117,0.16035512314119843
118,0.15947222552611492
119,0.15859121616114863
120,0.157712157330825
121,0.15646517997665796
122,0.15558506399276667
123,0.15471189152274747
124,0.15384056367271115
125,0.15297113279637414
126,0.1521035421086708
127,0.15086878968053496
128,0.1500000814773375
129,0.1491381812893087
130,0.14827813547628466
131,0.14741985801199917
132,0.14656336616899351
133,0.14534044009982608
134,0.14448266117775346
135,0.14363172876415775
136,0.14278253849013708
137,0.1419350893772207
138,0.1410894037183607
139,0.1398779491847381
140,0.13903089736180846
141,0.138190543873352
142,0.13735188265214673
143,0.13651492078672164
144,0.13567965929803905
145,0.13447933783230837
146,0.13364255325810517
147,0.13281245349440723
148,0.13198402387206443
149,0.1311572304269066
150,0.13033582498552276
151,0.1291735852981219
152,0.12837397255469113
153,0.12758094302320389
154,0.1267893699085107
155,0.1259993702842621
156,0.12521082909894177
157,0.12405876343895215
158,0.123268411574536
159,0.12250368748616892
160,0.12174859932158143
161,0.12099491160304751
162,0.12024264997337014
163,0.11912749455601443
164,0.11837317003810313
165,0.1176252656627912
166,0.11687876530457288
167,0.11613355315988884
168,0.11538970252498984
169,0.11428371535614133
170,0.11353770799993072
171,0.11279803237935994
172,0.1120597178657772
1,43.805092315673825
2,37.203839454650875
3,30.12607376098633
4,23.04830554962158
5,15.971753845214844
6,8.897280082702636
1,11.557621231079102
2,4.465797361731529
3,0.14087381436809665
4,0.10320717001945014
5,0.10308606734120986
6,0.10296506955317454
1,64.78696613311767
2,57.89301639556885
3,50.30958183288574
4,42.72775283813476
5,35.148509693145755
6,27.572052001953125
1,85.86044128417969
2,77.73832878112793
3,68.7041015625
4,59.669872703552244
5,50.635645370483395
6,41.60190231323242
7,32.570940475463864
8,23.541268100738524
9,14.512674722671509
10,5.485080503225326
11,0.05335583970911102
12,0.0011306841258192436
13,0.0017479150756844319
14,0.0017488861063611693
15,0.0017488659694208763
16,0.0017488458217121661
17,0.0017488256926299073
18,0.0017488055780995636
19,0.00236595519236289
20,0.002366911592253018
21,0.0023668775297119283
22,0.002366843399067875
23,0.002366809305967763
24,0.002366775151458569
25,0.0029838184732943773
26,0.00298475721210707
27,0.0029847062853514215
28,0.0029846552951494233
29,0.00298460436926689
30,0.002984553372662049
31,0.00360146744933445
32,0.003602384632686153
33,0.00360231306462083
34,0.0036022414761828258
35,0.003602169928490184
36,0.0036020983482012523
37,0.004218858750537038
38,0.004219750326010399
39,0.004219654346234165
40,0.004219558171462268
41,0.004219462219625711
42,0.004219366199104116
43,0.004835947998799384
44,0.004836810826673172
45,0.0048366872390033675
46,0.0048365637921961024
47,0.004836440253420733
48,0.004836316757136956
49,0.005452696966822259
50,0.005453527506324463
51,0.005453373362543062
52,0.0054532191588077695
53,0.005453064991161227
54,0.005452910729218274
55,0.006069066011696123
56,0.006069860581774265
57,0.006069672171142884
58,0.006069483578903601
59,0.00606929515954107
60,0.006069106588838622
61,0.0066850124177290126
62,0.006685766759328544
63,0.0066855399496853355
64,0.006685313046909868
65,0.006685086224460974
66,0.006684859394445084
67,0.007300491433124989
68,0.007301201747613959
69,0.007300933003425598
70,0.007300664071808569
71,0.0073003952705767
72,0.007300126348272897
73,0.007915460098301992
74,0.007916124634211883
75,0.007915812188293785
76,0.007915499680675566
77,0.007915187265025452
78,0.007914874827256425
79,0.008529889154015109
80,0.00853050173376687
81,0.008530139737995341
82,0.0085297778097447
83,0.008529415847733616
84,0.008529053952661342
85,0.009143723419983872
86,0.009144283894565888
87,0.009143872639979235
88,0.009143461201456376
89,0.009143049863050692
90,0.009142638530465774
91,0.009756940681836569
92,0.009757442098925822
93,0.009756974423653446
94,0.00975650639331434
95,0.00975603858649265
96,0.009755570747074671
97,0.010369481521775015
98,0.010369922487880103
99,0.010369397036265581
100,0.010368871851824224
101,0.010368346644099802
102,0.010367821218678727
103,0.010981317809782922
104,0.010981692780042067
105,0.010981104298844002
106,0.01098051612789277
107,0.010979927861480974
108,0.010979339673067443
109,0.01159239498025272
110,0.011592700116452762
111,0.011592045772704295
112,0.0115913911286043
113,0.011590736725484021
114,0.011590082243201323
115,0.012202675580629147
116,0.01220290823315736
117,0.012202184893540106
118,0.01220146137813572
119,0.01220073774748016
120,0.012200014212867245
121,0.012812120961025358
122,0.01281228034524247
123,0.01281148683745414
124,0.012810693196952343
125,0.012809899700805545
126,0.012809106346103362
127,0.013420705485041253
128,0.013420786118949764
129,0.013419917947030626
130,0.013419049617950804
131,0.013418181496090255
132,0.01341731326712761
133,0.01402838115056511
134,0.014028376879286953
135,0.014027428702102043
136,0.014026480696047656
137,0.014025532514206135
138,0.014024584773578682
139,0.01463509617780801
140,0.014635006076423452
141,0.014633975784527138
142,0.014632945267949253
143,0.014631914651254192
144,0.014630884359357879
145,0.015240816539153457
146,0.015240637335227802
147,0.015239521430921742
148,0.01523840548004955
149,0.015237289784126916
150,0.015236174161545933
151,0.015845504814642482
152,0.01584523206925951
153,0.015844027413404547
154,0.015842822652775795
155,0.015841618022532204
156,0.015840413433033974
157,0.016449118072050625
158,0.016448746537789702
159,0.016447447931277566
160,0.016446149119292385
161,0.016444850353291258
162,0.016443551729316823
163,0.017051607128232716
164,0.017051136978552678
165,0.017049744734540583
166,0.017048352178535425
167,0.01704695988097228
168,0.017045567505410874
169,0.017652952166972682
170,0.017652378230704927
171,0.017650887118652463
172,0.0176493956806371
173,0.017647904518526047
174,0.01764641340705566
175,0.0182531039690366
176,0.018252422228688375
177,0.018250827933079562
178,0.0182492337631993
179,0.018247640357003547
180,0.018246046433923767
181,0.018852020428166725
182,0.018851229925639926
183,0.01884953263506759
184,0.018847835172200577
185,0.018846138335647994
186,0.018844440712127833
187,0.019449677803204394
188,0.019448773068725132
189,0.019446966839022934
190,0.01944516118091997
191,0.019443355181720107
192,0.019441549282637426
193,0.020046024734620006
194,0.020045003152335993
195,0.02004308587638661
196,0.020041168666793965
197,0.02003925170167349
198,0.020037334871594793
199,0.02064102591248229
200,0.02063988469482865
201,0.0206378536648117
202,0.02063582279602997
203,0.020633792272419668
204,0.020631761146942155
205,0.02123464705364313
206,0.02123337964876555
207,0.02123122850258369
208,0.021229077297030018
209,0.021226926090312192
210,0.021224775695009156
211,0.021826831897487863
212,0.021825438478263095
213,0.021823167334659957
214,0.02182089591748081
215,0.02181862476223614
216,0.02181635432585608
217,0.022417561041656882
218,0.02241603872855194
219,0.02241364526678808
220,0.022411252273013816
221,0.02240885886712931
222,0.022406466165557505
223,0.023006800703587942
224,0.02300514128350187
225,0.023002617348101922
226,0.023000093304435722
227,0.02299756956344936
228,0.02299504568509292
229,0.023594485604553482
230,0.023592691454687155
231,0.023590038401889616
232,0.023587386545841582
233,0.023584734161267988
234,0.023582082358771003
235,0.024180606611189433
236,0.02417867289565038
237,0.02417588795127813
238,0.024173103371285833
239,0.02417031866440084
240,0.024167534630396403
1,51.427700729370116
2,43.87464225769043
3,35.76208940505981
4,27.64952043533325
5,19.537001237869262
6,11.426046643257141
7,3.3520240863159416
8,0.031281039566965776
9,0.03126226861757459
10,0.031243504639860475
11,0.031224744559585814
12,0.03120598874607822
13,0.03132322742661927
14,0.03130234148848103
15,0.03128376383610885
16,0.031265190268750305
17,0.031246622260223376
18,0.03122805819963105
19,0.031346448748972765
20,0.03132575809981063
21,0.03130737853671235
22,0.031289001271288724
23,0.0312706312638511
24,0.031252262037269246
25,0.031371816864266294
26,0.03135133184150618
27,0.031333154413077866
28,0.03131498018206912
29,0.03129680879283114
30,0.03127864183938073
31,0.03139936039297027
32,0.03137908178759972
33,0.03136110721592558
34,0.031343137329240565
35,0.031325170323689235
36,0.03130720795394154
37,0.031429085521376694
38,0.03140899890961009
39,0.03139121958956821
40,0.031373442608892216
41,0.031355667967000046
42,0.03133790087405942
43,0.03146093624469359
44,0.03144104165723547
45,0.03142345525964629
46,0.031405873634212184
47,0.031388294754142405
48,0.03137071923381882
49,0.03149489601521054
50,0.031475203503796366
51,0.03145781919971341
52,0.03144043756154133
53,0.031423059525259305
54,0.03140568698494462
55,0.03153102565207519
56,0.03151153328537475
57,0.03149435009574517
58,0.03147716962324921
59,0.031459991632727904
60,0.03144281605898868
61,0.03156930082011968
62,0.031550002668518574
63,0.031533012881409375
64,0.03151602999481838
65,0.03149905002908781
66,0.031482073309016416
67,0.03160970448981971
68,0.0315906142006861
69,0.03157383037731051
70,0.03155704903474543
71,0.03154027004144155
72,0.031523494956200014
73,0.03165226964163594
74,0.03163336013967637
75,0.03161676061106846
76,0.03160016654466744
77,0.03158357427106239
78,0.031566988078993746
79,0.031696898378431794
80,0.031678185709752144
81,0.03166178165236488
82,0.031645379684632644
83,0.031628979849629105
84,0.03161258289474063
85,0.03174362576683052
86,0.03172511125565507
87,0.03170890351990238
88,0.031692698629340155
89,0.03167649591108784
90,0.031660296063637364
91,0.031792475817492234
92,0.03177414971636608
93,0.031758132475661116
94,0.03174211881938391
95,0.031726107554277405
96,0.03171009810175747
97,0.03184340299339965
98,0.03182525799609721
99,0.03180942019913346
100,0.03179358421009965
101,0.031777749895118175
102,0.031761919220443816
103,0.03189633618341759
104,0.03187837340985425
105,0.031862717411713676
106,0.03184706649859436
107,0.031831423338735475
108,0.03181578299845569
109,0.03195132104447111
110,0.03193356586038135
111,0.03191811728058383
112,0.031902670420240614
113,0.031887226117542015
114,0.03187178524909541
115,0.03200844578677788
116,0.03199086678447202
117,0.03197559300926514
118,0.031960322958184406
119,0.03194505474879406
120,0.03192979459185153
121,0.03206756178755313
122,0.032050172577146444
123,0.0320350893761497
124,0.03202001005294733
125,0.03200493226293474
126,0.03198985728784464
127,0.032128728323150425
128,0.03211151891387999
129,0.032096616133349014
130,0.03208171492558904
131,0.0320668179448694
132,0.03205192452878691
133,0.032191894057905304
134,0.03217486424138769
135,0.032160141568165275
136,0.03214542062836699
137,0.032130705477902664
138,0.032115992426406594
139,0.032257060774136335
140,0.032240217452635986
141,0.03222568205557764
142,0.0322111475688871
143,0.03219661790411919
144,0.032182089008856565
145,0.032324248771183194
146,0.03230758229154162
147,0.032293223647866395
148,0.032278869439614936
149,0.03226451674243435
150,0.03225016574258916
151,0.032393412061501294
152,0.03237692987779155
153,0.03236275452072732
154,0.032348584472201763
155,0.0323344198812265
156,0.0323202573787421
157,0.03246458779787645
158,0.03244827995775267
159,0.03243427854031324
160,0.03242027718806639
161,0.032406278871931135
162,0.032392283489461986
163,0.03253768273163587
164,0.03252154865069315
165,0.03250772179104388
166,0.03249389860895462
167,0.032480080843670295
168,0.03246626404696144
169,0.032612736208830026
170,0.03259678313217591
171,0.0325831364793703
172,0.032569491600734184
173,0.03255584990372881
174,0.03254220983420964
175,0.03268975071725436
176,0.03267397784627974
177,0.032660509729757904
178,0.032647042084136046
179,0.03263358013762627
180,0.03262012284656521
181,0.032768728959490546
182,0.03275313319812995
183,0.032739845598698594
184,0.03272655958367977
185,0.0327132759563392
186,0.03269999366661068
187,0.03284965629223734
188,0.03283422459498979
189,0.032821098956046624
190,0.032807977321790534
191,0.032794859656132755
192,0.03278174318547826
193,0.03293244873115327
194,0.032917197992210274
195,0.03290425274462905
196,0.032891308657708576
197,0.03287836628907826
198,0.032865427982178515
199,0.03301718497124966
200,0.03300210877263453
201,0.03298933894722723
202,0.032976569072343406
203,0.03296380079467781
204,0.032951036238810044
205,0.03310383454663679
206,0.03308892623696011
207,0.03307632452168036
208,0.033063723684172146
209,0.03305112359521445
210,0.03303852605109569
211,0.03319235244474839
212,0.03317760897625703
213,0.03316517252533231
214,0.033152737928903664
215,0.033140305732376876
216,0.033127877385122705
217,0.03328272978542372
218,0.03326815388048999
219,0.033255882733501496
220,0.03324361402366776
221,0.033231350806890984
222,0.033219087655306796
223,0.033374957648920824
224,0.0333605524111772
225,0.03334845254488755
226,0.03333635556453373
227,0.03332425856438931
228,0.0333121631765971
229,0.03346904937294312
230,0.03345479837036692
231,0.03344285490340553
232,0.03343091221060604
233,0.03341896965343039
234,0.033407030053786
235,0.0335649168927921
236,0.033550837262882854
237,0.03353906418022234
238,0.033527291160426104
239,0.03351552191772498
240,0.033503752336837354
