1,55.52
2,90.32
3,54.81
4,53.84
5,53.71
6,54.41
7,54.36
8,54.54
9,54.55
10,54.61
11,54.66
12,54.65
13,54.68
14,54.71
15,54.75
16,54.71
17,54.76
18,54.72
19,54.79
20,54.79
21,54.84
22,54.82
23,54.81
24,54.75
25,54.77
26,54.84
27,54.86
28,54.82
29,54.86
30,54.8
31,54.82
32,54.87
33,54.8
34,54.88
35,54.93
36,54.87
37,54.86
38,54.87
39,54.88
40,54.89
41,54.95
42,54.89
43,54.87
44,54.96
45,54.87
46,54.89
47,54.9
48,54.86
49,54.96
50,71.89
51,91.97
52,91.83
53,81.68
54,92.09
55,91.64
56,89.12
57,54.77
58,54.87
59,54.82
60,54.87
61,54.86
62,54.82
63,54.92
64,54.93
65,54.85
66,54.91
67,54.88
68,54.86
69,54.89
