1,1.2575202745199203
2,0.7201482251783212
3,1.1556862419595322
4,1.4317522744337718
5,1.1890681674083075
6,1.1805074551701547
7,1.177522294620673
8,1.1739721555511158
9,1.1711609427134195
10,1.1697817839185396
11,1.1672552278637887
12,1.166944154004256
13,1.1656372344493866
14,1.1643804127971331
15,1.1628970379630725
16,1.1634974378347396
17,1.1616317584117253
18,1.1611852926015853
19,1.1603577556212743
20,1.1602658559878667
21,1.1592155247926712
22,1.1596545907855034
23,1.158225696782271
24,1.1579914755622547
25,1.1580648585160573
26,1.1574010809262594
27,1.157249559064706
28,1.1566037239631017
29,1.1565894088149071
30,1.156274957160155
31,1.1555163650711378
32,1.1560351860523224
33,1.1553971000512442
34,1.1558303686976432
35,1.1547597645719847
36,1.1549082987507184
37,1.1546640891830127
38,1.1549329900741576
39,1.1541258901357652
40,1.1543191115061442
41,1.1533510655164718
42,1.1546703440944355
43,1.1534525787830352
44,1.153591104745865
45,1.1536196239789327
46,1.1530747776230177
47,1.1522273383537929
48,1.147789221405983
49,1.1541209856669108
50,1.1310379665096602
51,0.4356752297778924
52,0.2548886784352362
53,1.0644740243504445
54,0.24329983667780955
55,1.006751941529413
56,0.1968954329751432
57,1.2244133155544599
58,1.160375711421172
59,1.1572753115495047
60,1.1555997709433237
61,1.1554593585928281
62,1.1540363270044327
63,1.1539477782448133
64,1.1539989801247914
65,1.1531331130862237
66,1.1536132645606996
67,1.1526270761092503
68,1.1530570770303408
69,1.1526544431845347
