1,0.45385706424713135
2,0.36053696514546185
3,0.25940909553533315
4,0.2275795681237946
5,0.20880957841302245
6,0.19198562899939858
7,0.17166638233738155
8,0.1578784350634078
9,0.18683537031555997
10,0.1678954004327913
11,0.16033637193941522
12,0.2263499751715596
13,0.16486516126727693
14,0.14412062072776743
15,0.13052785517897642
16,0.12813849862793397
17,0.14084850575674995
18,0.13419759484771568
19,0.13179162013348034
20,0.1272260930417712
21,0.1225110950497946
22,0.11994712517179291
23,0.11232497598048143
24,0.11388266935830373
25,0.1203420753394507
26,0.11764249640206496
27,0.11174488198939868
28,0.11152922851657959
29,0.10708204181543712
30,0.10700652494641213
31,0.1070311373328055
32,0.11126744231901406
33,0.10785648682764892
34,0.10262075505108784
35,0.1031187886900315
36,0.10070386200686524
37,0.09900720384314485
38,0.09642098679553389
39,0.09539916936193961
40,0.10185944273268582
41,0.09811715552247918
42,0.09958250402433662
43,0.0933157298107314
44,0.09204586160679658
45,0.09230229897260438
