1,0.5959184148481914
2,0.6510204396077565
3,0.6510204545089177
4,0.6887755457844053
5,0.7040816800934928
6,0.7234694319111961
7,0.7285714830671038
8,0.7551021022456033
9,0.7622449355466026
10,0.7714286148548126
11,0.7642857496227536
12,0.7612245466027941
13,0.7775510549545288
14,0.7775510655982154
15,0.7551020809582302
16,0.7734694289309638
17,0.7877551487513951
18,0.789795954312597
19,0.7734694140298026
20,0.7795918796743665
21,0.7846939201865878
22,0.7806122941630227
23,0.7938776058810098
24,0.7948980118547168
25,0.7846939308302743
26,0.7948980118547168
27,0.7806122941630227
28,0.794898007597242
29,0.7846939180578504
30,0.7959184220858982
31,0.7938776058810098
32,0.7979592297758374
33,0.7959184007985252
34,0.798979640007019
35,0.8071429005690983
36,0.7857143368039813
37,0.8051020758492606
38,0.7908163709299905
39,0.7948980033397675
40,0.8061225031103406
41,0.806122498852866
42,0.8061224945953914
43,0.810204131262643
44,0.804081665618079
45,0.806122498852866
