0,2.202607030090034
1,1.8957421960470142
2,1.7856582859106513
3,1.720341406251651
4,1.6572818210688363
5,1.6127007602919716
6,1.5739481697607538
7,1.559629557670638
8,1.5241912045224697
9,1.5076686814417297
10,1.5073971885491915
11,1.4803670533742148
12,1.467924122298891
13,1.4460977205207217
14,1.440581771488298
15,1.4211683353212905
16,1.4162251876668905
17,1.4016934922288755
18,1.3963721894160122
19,1.3944612873934061
20,1.3768295523489213
21,1.363270589895118
22,1.3529074496963616
23,1.3420124016142851
24,1.3380833423365022
25,1.3385648491352606
26,1.313846860721407
27,1.3157892265549438
28,1.304121344656772
29,1.2987457988276043
30,1.2931512078719034
