1,0.6448979931218284
2,0.5836734952671188
3,0.6265306494065693
4,0.6357143244573048
5,0.6846939197608403
6,0.7061224962983813
7,0.6887755564280919
8,0.708163321018219
9,0.7326531154768807
10,0.7346939146518707
11,0.7520408630371094
12,0.7602041406290871
13,0.7622449483190264
14,0.7632653372628349
15,0.7612245466027941
16,0.7602041235991887
17,0.7500000510896955
18,0.7755102344921657
19,0.7826531146253858
20,0.7795918796743665
21,0.7877551657812936
22,0.7846939265727997
23,0.7887755589825767
24,0.7989796485219683
25,0.782653101852962
26,0.7908163751874652
27,0.7908163666725159
28,0.7867347385202136
29,0.789795960698809
30,0.7938775888511113
31,0.7989796357495444
32,0.798979640007019
33,0.8010204562119075
34,0.8010204562119075
35,0.7969388238021305
36,0.796938819544656
37,0.8040816741330283
38,0.8000000502382006
39,0.8051021013941083
40,0.8030612553868975
41,0.8040816783905029
42,0.7887755589825767
43,0.8051020715917859
44,0.8112245414938245
45,0.8112245287214007
