0,2.199806043957561
1,1.9006893139931662
2,1.7397382357487188
3,1.653796084038737
4,1.5996414227961655
5,1.5677410985996836
6,1.5513034009262687
7,1.518681106766683
8,1.4980741578591268
9,1.4843340368872644
10,1.4766782234135265
11,1.4427634090785808
12,1.4304404336368055
13,1.4192747287961154
14,1.3911450182199963
15,1.4032336192332278
16,1.383277335719038
17,1.3576288390559497
18,1.3693226602053943
19,1.3474941408135934
20,1.3293623296282182
21,1.3188854430874097
22,1.3082739920992177
23,1.317478551781421
24,1.2997642042236013
25,1.2892560246960487
26,1.285451792185577
27,1.2845129955851724
28,1.2633962489651454
29,1.2644059270253512
30,1.2563516685302536
31,1.2493183834859456
32,1.248257674699092
33,1.2397935410829741
34,1.2496268702475672
35,1.219514571457807
36,1.2236600820563182
37,1.2219593780749902
38,1.21591350594635
39,1.2110696582353664
40,1.2085124092496782
41,1.1999963053940403
42,1.2040980325674924
43,1.2168946821506108
44,1.1863460278746467
45,1.1904477882688396
46,1.1849559297923482
47,1.1799690725596013
48,1.1778217173390213
49,1.1709474188362683
