0,0.1317092674448134
1,0.15630990570595565
2,0.1320087874260621
3,0.19716454046471907
4,0.2036741251191392
5,0.1867611851340856
6,0.22809505030608024
7,0.22667731989782078
8,0.23172923617255384
9,0.2370806757134561
10,0.24045527508607306
11,0.2424920174879388
12,0.24307108953291665
13,0.25826677765709144
14,0.21593450784040524
15,0.2504792370425817
16,0.25776757634640596
17,0.23825878906435669
18,0.25447284753550403
19,0.26052316710257684
20,0.2641573519276354
21,0.2667332311479238
22,0.26148163348722003
23,0.2631988860503101
24,0.26421725574416666
25,0.2732627837749097
26,0.25936501932154876
27,0.2679313129177109
28,0.28144968472444976
29,0.2803514420037
30,0.2682508020736158
31,0.2792731674905783
32,0.284524763806369
33,0.2806908984820302
34,0.2832468087061906
35,0.2881988875639324
36,0.2788338705111807
37,0.2767771601248473
38,0.2876996839532075
39,0.28811901416212987
40,0.2801317924651475
41,0.2748602279030477
42,0.2868210914940499
43,0.2850439342589805
44,0.28875799143847564
45,0.2982627843467953
46,0.2880391408793462
47,0.2901158185598378
48,0.290395371901532
49,0.29382987694142343
