1,0.0
2,0.0
3,0.006000000052154064
4,0.024000000208616257
1,0.2037109429948032
2,0.22537110140547156
3,0.23369141528382897
4,0.23912110226228833
5,0.2458789157681167
6,0.2503515719436109
7,0.2549414155073464
8,0.256757820956409
9,0.2590625104494393
10,0.2608398525044322
11,0.2622070382349193
12,0.2652539168484509
13,0.2684765746816993
14,0.25636719120666385
15,0.26958985393866897
16,0.2708789175376296
17,0.27089844830334187
18,0.2722851620055735
19,0.27093750797212124
20,0.2704297020100057
21,0.27234375895932317
22,0.2722851652652025
23,0.272246103733778
24,0.27345704147592187
25,0.27246094681322575
26,0.2741992361843586