1,0.210406760374705
2,0.23128969896407353
3,0.24228176119781675
4,0.2493849386061941
5,0.2544841447046825
6,0.2596230340145883
7,0.26154763322500957
8,0.2638789862394333
9,0.2645535901898429
10,0.2682242287056787
11,0.2687797826670465
12,0.27042660684812636
13,0.27197422832250595
14,0.27247025569279987
15,0.27336311091979343
16,0.27230160257646013
17,0.2726289817974681
18,0.26889882875340326
19,0.2704861302460943
20,0.2716766067204021
21,0.27272819230953854
22,0.27314485964320956
23,0.2725694626569748
24,0.27280755731321515
25,0.27384922050294425
26,0.2725496238895825
27,0.2739385079060282
28,0.2726389073899814
29,0.27010914541426156
30,0.27237104659988765