1,0.20152344135567546
2,0.22523438278585672
3,0.23546875501051545
4,0.24082031846046448
5,0.24705078918486834
6,0.2498437580652535
7,0.25466797733679414
8,0.25687500974163413
9,0.2597070410847664
10,0.26261720061302185
11,0.264941418543458
12,0.26857422571629286
13,0.2675195396877825
14,0.26072266791015863
15,0.2699414133094251
16,0.2704101684503257
17,0.27072266582399607
18,0.2701757913455367
19,0.27066407445818186
20,0.2694531362503767
21,0.2724218857474625
22,0.2688281312584877
23,0.27486329106613994
24,0.27230469696223736
25,0.2741211047396064
26,0.2760546989738941
27,0.27291016606613994
28,0.2706836024299264
29,0.2724023489281535
30,0.26777344662696123