1,60.1117603302002
2,55.94492580413819
3,51.141030883789064
4,46.337135581970216
5,41.533240509033206
6,36.72934474945068
1,55.66313632965088
2,52.239094734191895
3,48.22226261138916
4,44.20543392181396
5,40.188608436584474
6,36.171787109375
1,70.99075210571289
2,63.98059917449951
3,56.21547302246094
4,48.45034656524658
5,40.68523738861084
6,32.92014268875122
1,13.463792009353638
2,9.257976865768432
3,4.895438883304596
4,0.8550131655382575
5,0.0281653414577886
6,0.028135860131442314
7,0.02842703327514755
8,0.02847890121945966
9,0.028449898525577735
10,0.02842089768517326
11,0.02839190087506722
12,0.028362906364927765
13,0.028657350222783862
14,0.028709837866481392
15,0.02868132637158851
16,0.028652819291019115
17,0.02862431464891415
18,0.02859581444223295
19,0.028893506904278183
20,0.028946611829160248
21,0.028918588964588706
22,0.028890570143703373
23,0.028862553302460583
24,0.028834539401577784
25,0.02913544864204596
26,0.02918916734168306
27,0.029161628477304476
28,0.029134094498585908
29,0.029106565317342757
30,0.02907903930172324
31,0.02938313738501165
32,0.029437455097795464
33,0.02941038750432199
34,0.02938332308694953
35,0.029356262097426224
36,0.029329204658570234
37,0.02963645216979785
38,0.029691361967416015
39,0.029664767085050697
40,0.029638177328452003
41,0.029611590442655142
42,0.029585005602566525
43,0.029895381041569635
44,0.029950881555560045
45,0.02992475468723569
46,0.029898629614617676
47,0.02987250812118873
48,0.029846389514859767
49,0.030159867914917413
50,0.030215959068445954
51,0.030190300728718283
52,0.030164646032790187
53,0.0301389934742474
54,0.03011334357521264
55,0.030429883324541152
56,0.03048654482176062
57,0.0304613377089845
58,0.03043613392743282
59,0.030410934553365222
60,0.030385739000630563
61,0.03070531708362978
62,0.03076255240244791
63,0.030737805524840952
64,0.030713063051807696
65,0.030688323100330307
66,0.03066358589567244
67,0.03098617030365858
68,0.031043968542362563
69,0.031019672968541273
70,0.030995378990774043
71,0.0309710900177015
72,0.030946802805992775
73,0.03127235884603578
74,0.031330717306700534
75,0.03130686827993486
76,0.031283021119306795
77,0.03125917698314879
78,0.03123533685284201
79,0.03156383356254082
80,0.0316227346053347
81,0.03159931726986542
82,0.03157590243732557
83,0.03155249401810579
84,0.031529088914394376
85,0.03186049189302139
86,0.031919938625651414
87,0.03189696077432018
88,0.03187398492184002
89,0.03185101319162641
90,0.031828044616268016
91,0.03216232416511047
92,0.03222230036451947
93,0.03219974666892085
94,0.03217719734122511
95,0.03215465186687652
96,0.032132108802325095
97,0.03246922831109259
98,0.032529733968549406
99,0.03250760863476899
100,0.03248548327421304
101,0.032463361248373984
102,0.03244124211836606
103,0.0327811667486094
104,0.032842188939685005
105,0.03282498780055903
106,0.03281060024048202
107,0.03279621533991303
108,0.03278183112444822
109,0.033131457246490754
110,0.03320019990846049
111,0.033186128242523406
112,0.03317205863830168
113,0.033157990034087564
114,0.03314392440079246
115,0.0334956548322225
116,0.033564765980117955
117,0.033550994130200705
118,0.03353722327330615
119,0.033523457323317414
120,0.03350969053863082
121,0.03386349169595633
122,0.03393297326518223
123,0.03391951040015556
124,0.03390604912652634
125,0.03389258839772083
126,0.03387913113925606
127,0.03423497324460186
128,0.034304818687378426
129,0.034291655544075185
130,0.03427849379891995
131,0.0342653327138396
132,0.0342521709977882
133,0.034610009770258326
134,0.034680199841386636
135,0.03466731744527351
136,0.03465443692693952
137,0.03464156254718546
138,0.03462868900562171
139,0.034988490918767635
140,0.03505903037788812
141,0.03504644175118301
142,0.035033856001100504
143,0.03502127177198418
144,0.03500868696835823
145,0.035370418226812035
146,0.035441287875873966
147,0.03542897727165837
148,0.03541666688339319
149,0.03540435967908707
150,0.03539205143984873
151,0.035755664754542525
152,0.03582686185312923
153,0.035814826187561266
154,0.035802790442830884
155,0.03579075715097133
156,0.035778724941774274
157,0.0361441921023652
158,0.03621571357478388
159,0.03620394902653061
160,0.03619218631181866
161,0.03618042435089592
162,0.03616866342548747
163,0.036535944144125095
164,0.03660777484241407
165,0.03659627034736332
166,0.036584770022309386
167,0.036573271238594315
168,0.036561775333830156
169,0.03693083270743955
170,0.03700296995928511
171,0.036991720178048124
172,0.03698047545156442
173,0.03696922984148841
174,0.036957985120825466
175,0.03732877486967481
176,0.037401207040529696
177,0.03739021134446375
178,0.03737921652500518
179,0.03736822337494232
180,0.037357233859365804
181,0.03772972611244768
182,0.03780244949972257
183,0.037791700495872646
184,0.03778094867127948
185,0.0377701995940879
186,0.037759453804465014
187,0.03813360149273649
188,0.03820659201941453
189,0.038196075527230276
190,0.03818555912817828
191,0.038175043737282977
192,0.03816453031846322
193,0.03854029411799274
194,0.03861355225089937
195,0.0386032638780307
196,0.03859297939809039
197,0.038582695830846205
198,0.03857241664314642
199,0.03894976393668912
200,0.03902329028467648
201,0.03901323384721764
202,0.03900317957508378
203,0.038993128732545304
204,0.038983078597811985
205,0.0393619708053302
206,0.039435750858392564
207,0.039425918178167194
208,0.03941608801251277
209,0.03940625704708509
210,0.03939642867073417
211,0.03977683014352806
212,0.03985085489694029
213,0.039841237351065505
214,0.039831621455959976
215,0.039822010662173855
216,0.03981240178341977
217,0.04019426923478022
218,0.04026853720191866
219,0.04025913313962519
220,0.04024973111110739
221,0.04024033041321672
222,0.04023093174910173
223,0.040614222784643064
224,0.04068871895840857
225,0.04067951929755509
226,0.04067031838581897
227,0.04066112136584707
228,0.040651926074642686
229,0.04103660550550558
230,0.04111132004880346
231,0.04110231498605572
232,0.04109331189247314
233,0.041084310311707666
234,0.04107530955749098
235,0.04146133647242095
236,0.041536269857315344
237,0.041527458685450255
238,0.041518649570643905
239,0.04150984140927903
240,0.04150103450170718
