1,0.8408741536849318
2,0.755598899507743
3,0.719421549322041
4,0.6900958801252679
5,0.6662099162000815
6,0.6467767755178945
1,0.8094961477319872
2,0.7695981338279766
3,0.7399628333292749
4,0.7152897961707861
5,0.6947804247422884
6,0.6776643859188678
1,0.4279283354504273
2,0.39870054128110183
3,0.3898512870839064
4,0.3829330613807647
5,0.3767533200244286
6,0.3711457702278325
1,0.7645243151450409
2,0.720766155370216
3,0.6821400459199775
4,0.6508594121693122
5,0.6257860662963176
6,0.6058017368182474
7,0.5899011463792917
8,0.5772271836721263
9,0.567078852318981
10,0.5588998900337926
11,0.5522574478824293
12,0.5468183129662207
13,0.5423270119774607
14,0.5385875458433025
15,0.5354489777051977
16,0.5327944117347311
17,0.5305327033108351
18,0.5285922690148689
19,0.5269164711812185
20,0.5254601685961454
21,0.5241871267762077
22,0.5230680618793854
23,0.5220791531406888
24,0.5212009034901366
25,0.5204172605297137
26,0.5197149335382785
27,0.5190828591301524
28,0.5185117804589611
29,0.5179939137681684
30,0.5175226825977751
31,0.5170925047408023
32,0.5166986205845256
33,0.5163369541116242
34,0.5160039998190212
35,0.5156967303115971
36,0.5154125204697589
37,0.5151490849650991
38,0.5149044265735081
39,0.514676793258995
40,0.5144646424102512
41,0.514266610932664
42,0.5140814901512633
43,0.5139082046802835
44,0.5137457945742865
45,0.5135934002029873
46,0.5134502493939557
47,0.5133156464694723
48,0.513188962870172
49,0.513069629111877
50,0.5129571278657605
51,0.5128509879876861
52,0.5127507793517551
53,0.5126561083670853
54,0.5125666140765839
55,0.5124819647527589
56,0.5124018549191254
57,0.512326002736936
58,0.5122541477062991
59,0.5121860486385166
60,0.5121214818629659
61,0.5120602396373141
62,0.5120021287344145
63,0.5119469691831103
64,0.5118945931434059
65,0.5118448438992357
66,0.5117975749543863
67,0.5117526492191087
68,0.5117099382766539
69,0.5116693217203963
70,0.511630686553444
71,0.5115939266436892
72,0.511558942228155
73,0.5115256394612692
74,0.5114939300023721
75,0.5114637306383409
76,0.5114349629377005
77,0.5114075529330457
78,0.5113814308289576
79,0.5113565307329214
80,0.5113327904070579
81,0.5113101510386978
82,0.5112885570280745
83,0.5112679557915772
84,0.5112482975791872
85,0.5112295353048575
86,0.5112116243887301
87,0.5111945226101935
88,0.5111781899708859
89,0.5111625885668406
90,0.5111476824690391
91,0.511133437611719
92,0.5111198216878375
93,0.5111068040511447
94,0.5110943556243859
95,0.5110824488131662
96,0.5110710574250884
97,0.5110601565937697
98,0.5110497227074152
99,0.5110397333416157
100,0.5110301671960948
101,0.5110210040351371
102,0.5110122246314484
103,0.5110038107132305
104,0.5109957449142611
105,0.510988010726782
106,0.5109805924570258
107,0.5109734751832121
108,0.5109666447158613
109,0.5109600875602832
110,0.510953790881115
111,0.5109477424687758
112,0.5109419307077327
113,0.5109363445464674
114,0.5109309734690463
115,0.5109258074681966
116,0.5109208370198097
117,0.5109160530587846
118,0.5109114469561351
119,0.5109070104972941
120,0.5109027358615468
121,0.5108986156025246
122,0.5108946426297102
123,0.5108908101908909
124,0.5108871118555145
125,0.5108835414988928
126,0.5108800932872098
127,0.5108767616632965
128,0.5108735413331176
129,0.5108704272529494
130,0.5108674146171988
131,0.5108644988468359
132,0.5108616755784072
133,0.5108589406535965
134,0.5108562901093103
135,0.5108537201682519
136,0.5108512272299692
137,0.5108488078623432
138,0.5108464587934975
139,0.5108441769041111
140,0.5108419592201049
141,0.5108398029056934
142,0.5108377052567739
143,0.510835663694643
144,0.510833675760016
145,0.5108317391073465
146,0.5108298514994152
147,0.510828010802186
148,0.5108262149799158
149,0.510824462090494
150,0.5108227502810153
151,0.5108210777835638
152,0.5108194429112008
153,0.5108178440541483
154,0.5108162796761554
155,0.5108147483110396
156,0.5108132485593962
157,0.5108117790854627
158,0.510810338614139
159,0.5108089259281448
160,0.510807539865317
161,0.5108061793160343
162,0.5108048432207669
163,0.5108035305677417
164,0.5108022403907184
165,0.5108009717668743
166,0.5107997238147847
167,0.5107984956925055
168,0.510797286595742
169,0.5107960957561075
170,0.5107949224394619
171,0.5107937659443308
172,0.5107926256003996
173,0.5107915007670767
174,0.5107903908321269
175,0.5107892952103675
176,0.510788213342426
177,0.5107871446935578
178,0.5107860887525175
179,0.5107850450304848
180,0.5107840130600381
181,0.5107829923941809
182,0.5107819826054096
183,0.510780983284826
184,0.5107799940412917
185,0.5107790145006222
186,0.5107780443048194
187,0.5107770831113359
188,0.5107761305923796
189,0.5107751864342444
190,0.5107742503366768
191,0.5107733220122708
192,0.5107724011858873
193,0.5107714875941066
194,0.5107705809846995
195,0.5107696811161303
196,0.5107687877570735
197,0.5107679006859632
198,0.5107670196905553
199,0.5107661445675107
200,0.5107652751220051
201,0.5107644111673452
202,0.5107635525246124
203,0.5107626990223173
204,0.5107618504960725
205,0.510761006788278
206,0.5107601677478247
207,0.5107593332298072
208,0.510758503095253
209,0.5107576772108616
210,0.5107568554487583
211,0.510756037686256
212,0.5107552238056298
213,0.5107544136939012
214,0.5107536072426327
215,0.510752804347731
216,0.5107520049092583
217,0.5107512088312546
218,0.510750416021565
219,0.5107496263916782
220,0.5107488398565679
221,0.5107480563345465
222,0.5107472757471188
223,0.5107464980188506
224,0.5107457230772349
225,0.5107449508525699
226,0.5107441812778384
227,0.5107434142885972
228,0.5107426498228665
229,0.5107418878210273
230,0.5107411282257214
231,0.5107403709817585
232,0.510739616036025
233,0.5107388633373966
234,0.5107381128366582
235,0.5107373644864225
236,0.5107366182410551
237,0.510735874056603
238,0.5107351318907255
239,0.5107343917026278
240,0.510733653452997
