1,0.9009859211742878
2,0.8115438244491816
3,0.7705625896900892
4,0.7364330229908228
5,0.7077431633323431
6,0.6835061248391867
1,0.8651592907309532
2,0.8218372286856175
3,0.7881851042062045
4,0.7594952324032783
5,0.7349690372869372
6,0.7138361696526409
1,0.4989190896600485
2,0.4626811400055885
3,0.4460667656362057
4,0.43138340711593626
5,0.41743855968117716
6,0.40406591482460497
1,0.7779881116375327
2,0.7300241328775883
3,0.6870354877784848
4,0.651714428383857
5,0.6258142340555787
6,0.6058298777043819
7,0.5899295744672418
8,0.5772556594200432
9,0.5671073036454618
10,0.5589283112436533
11,0.5522858416102827
12,0.5468466774374247
13,0.5423556672781706
14,0.5386162548325956
15,0.5354776566661894
16,0.5328230644576252
17,0.5305613234639168
18,0.5286208622530103
19,0.5269453656673432
20,0.52548911485821
21,0.524216042868793
22,0.5230969501659274
23,0.5221080158650875
24,0.5212297352589667
25,0.5204463978856801
26,0.5197441230155527
27,0.5191120205260813
28,0.5185409164987504
29,0.5180230196379125
30,0.5175517609342932
31,0.5171218923293054
32,0.5167280578613281
33,0.5163663662970066
34,0.5160333880037069
35,0.5157260882109403
36,0.5154418514668941
37,0.5151787190698087
38,0.5149341205134987
39,0.514706457220018
40,0.5144942784868181
41,0.5142962195537985
42,0.5141110709682107
43,0.5139380941912531
44,0.5137757434695959
45,0.5136233223415911
46,0.5134801468625665
47,0.5133455183543265
48,0.5132188062556088
49,0.5130997865833342
50,0.5129873446933925
51,0.5128811768908054
52,0.512780944230035
53,0.5126862503774464
54,0.5125967286527157
55,0.5125123994424939
56,0.5124323459435254
57,0.5123564732447267
58,0.5122845883574336
59,0.5122164652682841
60,0.5121518737636507
61,0.5120909434743226
62,0.5120328945014626
63,0.5119777112919838
64,0.5119253103528172
65,0.5118755348026752
66,0.5118282424937933
67,0.5117836353275925
68,0.5117409794218838
69,0.5117003406304866
70,0.5116616776585579
71,0.5116248941794038
72,0.5115898877661675
73,0.5115569120552391
74,0.5115252608247102
75,0.5114950337260962
76,0.5114662410691381
77,0.5114388128183782
78,0.5114126645959913
79,0.5113880941644311
80,0.5113644108735025
81,0.5113417482934892
82,0.5113201346993447
83,0.5112995047681034
84,0.5112798291537911
85,0.5112614000309259
86,0.5112435504700988
87,0.5112264240719377
88,0.5112100681941957
89,0.5111944468691945
90,0.5111795124225318
91,0.5111656021233648
92,0.5111520462669432
93,0.5111390074063092
94,0.5111265372298658
95,0.5111146021075547
96,0.5111031916737556
97,0.5110926219727844
98,0.511082249796018
99,0.5110722430422903
100,0.5110626513697207
101,0.5110534625221044
102,0.5110446648765355
103,0.511036587599665
104,0.511028580609709
105,0.5110208340641111
106,0.511013398822397
107,0.5110062646307051
108,0.5109994243271649
109,0.5109932204242795
110,0.5109869947098196
111,0.510980929043144
112,0.5109751059021801
113,0.5109695036150516
114,0.5109641203191131
115,0.5109593052882702
116,0.5109544016979635
117,0.5109496067743748
118,0.5109449862595647
119,0.5109405327681452
120,0.5109362459182739
121,0.5109324834123253
122,0.5109285764396191
123,0.5109247350133955
124,0.5109210241492838
125,0.5109174353908748
126,0.5109139752481133
127,0.5109110003151
128,0.510907845729962
129,0.5109047177992762
130,0.5109016923978925
131,0.5108987644407899
132,0.5108959226682782
133,0.5108935483824462
134,0.5108909726701677
135,0.5108883881382644
136,0.5108858760911972
137,0.51088344453834
138,0.5108810836169869
139,0.5108791679143906
140,0.5108770158234983
141,0.5108748519793153
142,0.510872740689665
143,0.5108706888742744
144,0.5108686872199177
145,0.5108671072963625
146,0.5108652930147946
147,0.5108634395617991
148,0.510861629024148
149,0.5108598639350385
150,0.5108581416122615
151,0.5108568397816271
152,0.510855272281915
153,0.5108536624815315
154,0.5108520849887281
155,0.5108505394309759
156,0.5108490299619735
157,0.5108479230385273
158,0.5108465519919991
159,0.5108451301883906
160,0.5108437318261713
161,0.5108423600252717
162,0.510841013006866
163,0.5108400626201183
164,0.5108388497401029
165,0.5108375649433583
166,0.5108363054972141
167,0.5108350661117583
168,0.5108338490780443
169,0.5108330320846289
170,0.5108319269958883
171,0.5108307587262243
172,0.510829608477652
173,0.5108284708671271
174,0.5108273495547473
175,0.510826624641195
176,0.5108256094809621
177,0.510824535517022
178,0.5108234662562608
179,0.5108224146533757
180,0.5108213732670993
181,0.5108207165170461
182,0.5108197797834874
183,0.5108187696710229
184,0.5108177695516497
185,0.5108167781773955
186,0.5108157974854112
187,0.5108152168616652
188,0.5108143386524171
189,0.5108133857324719
190,0.5108124391362071
191,0.5108114944864064
192,0.5108105655014515
193,0.5108100300747901
194,0.5108091955631971
195,0.5108082880545407
196,0.5108073776401579
197,0.510806479100138
198,0.5108055920340121
199,0.5108050951268523
200,0.510804301891476
201,0.5108034231793135
202,0.5108025569561869
203,0.5108016921207309
204,0.5108008318766951
205,0.5108003718219698
206,0.510799603825435
207,0.5107987604290247
208,0.5107979151699692
209,0.5107970818970352
210,0.5107962546218187
211,0.5107958108559251
212,0.510795073453337
213,0.5107942507043481
214,0.5107934338971972
215,0.5107926199957729
216,0.5107918103784322
217,0.5107914042379708
218,0.5107906860020012
219,0.5107898873463274
220,0.5107890865951776
221,0.5107882978115231
222,0.5107875084038824
223,0.5107871102076024
224,0.5107864105980844
225,0.5107856286037713
226,0.5107848494686187
227,0.5107840757537633
228,0.5107832970935852
229,0.5107829277589917
230,0.5107822409644723
231,0.5107814775966107
232,0.5107807132881135
233,0.5107799488119781
234,0.510779191730544
235,0.5107788286264986
236,0.5107781573757529
237,0.5107774042990059
238,0.5107766540534794
239,0.5107759006600827
240,0.5107751558441669
