1,0.46704419927132146
2,0.46987390927804007
3,0.45223014342229745
4,0.438348714389348
5,0.42711626964917543
6,0.41794886388439795
7,0.41039809755291706
8,0.40411620522231745
9,0.39883572561322905
10,0.39435166891609763
11,0.39050676155451547
12,0.3871798285054932
13,0.384276910580991
14,0.3817245831124099
15,0.37946497091414927
16,0.3774520386912731
17,0.37564882786481874
18,0.37402539133669355
19,0.3725572421154414
20,0.371224180797957
21,0.3700094033217935
22,0.368898817042769
23,0.36788051253802373
24,0.36694435254490093
25,0.3660816495950088
26,0.36528491127116025
27,0.36454763738342316
28,0.3638641572894084
29,0.3632294984737545
30,0.362639279638907
31,0.36208962314883064
32,0.3615770828565321
33,0.36109858424135377
34,0.3606513744597909
35,0.3602329804299799
36,0.35984117346583
37,0.3594739392820415
38,0.35912945242810784
39,0.3588060543942548
40,0.3585022347774249
41,0.3582166150100189
42,0.357947934245124
43,0.3576950370646358
44,0.35745686273501653
45,0.35723243578249986
46,0.35702085769773895
47,0.35682129961097525
48,0.35663299580428076
49,0.35645523794835243
50,0.35628736996861277
51,0.35612878345971544
52,0.3559789135794641
53,0.35583723536312734
54,0.3557032604074847
55,0.3555765338809694
56,0.35545663182221027
57,0.3553431586943031
58,0.355235745166422
59,0.3551340460980122
60,0.35503773870393907
61,0.354946520881621
62,0.35486010968348985
63,0.35477823992009255
64,0.3547006628808673
65,0.3546271451611133
66,0.3545574675849684
67,0.35449142421533053
68,0.354428821442649
69,0.35436947714537353
70,0.354313219915605
71,0.35425988834415634
72,0.35420933035983204
73,0.3541614026182365
74,0.3541159699359012
75,0.3540729047659151
76,0.35403208671161546
77,0.35399340207522156
78,0.35395674343857253
79,0.3539220092734046
80,0.35388910357882614
81,0.35385793554385986
82,0.35382841923310887
83,0.3538004732937757
84,0.3537740206824063
85,0.35374898840988606
86,0.3537253073033164
87,0.3537029117835371
88,0.35368173965714383
89,0.3536617319219497
90,0.3536428325849335
91,0.35362498849177193
92,0.353608149167149
93,0.35359226666508065
94,0.35357729542856187
95,0.3535631921578898
96,0.3535499156870724
97,0.35353742686777223
98,0.3535256884602744
99,0.3535146650310117
100,0.35350432285621286
101,0.35349462983126245
102,0.353485555385406
103,0.353477070401447
104,0.3534691471401167
105,0.35346175916881284
106,0.3534548812944318
107,0.3534484895000344
108,0.3534425608850988
109,0.35343707360914456
110,0.35343200683851195
111,0.3534273406961021
112,0.35342305621389897
113,0.3534191352881004
114,0.35341556063670154
115,0.35341231575938264
116,0.35340938489956125
117,0.35340675300848323
118,0.3534044057112283
119,0.3534023292745205
120,0.353400510576233
121,0.35339893707649667
122,0.35339759679031024
123,0.3533964782615737
124,0.3533955705384564
125,0.3533948631500304
126,0.35339434608409526
127,0.35339400976612145
128,0.3533938450392612
129,0.3533938431453554
130,0.3533939957068926
131,0.3533942947098572
132,0.35339473248742725
133,0.3533953017044675
134,0.35339599534278393
135,0.35339680668708745
136,0.3533977293116415
137,0.3533987570675439
138,0.3533998840706217
139,0.35340110468989805
140,0.35340241353660445
141,0.3534038054537105
142,0.3534052755059428
143,0.3534068189702692
144,0.3534084313268218
145,0.35341010825024144
146,0.35341184560141714
147,0.35341363941960197
148,0.3534154859148899
149,0.3534173814610279
150,0.353419322588558
151,0.35342130597826005
152,0.3534233284548916
153,0.353425386981202
154,0.3534274786522137
155,0.3534296006897536
156,0.3534317504372238
157,0.35343392535460155
158,0.3534361230136537
159,0.3534383410933616
160,0.3534405773755387
161,0.35344282974063973
162,0.35344509616374664
163,0.35344737471072546
164,0.3534496635345468
165,0.35345196087175945
166,0.353454265039115
167,0.35345657443033135
168,0.3534588875129915
169,0.35346120282557336
170,0.353463518974599
171,0.3534658346319041
172,0.3534681485320177
173,0.3534704594696524
174,0.353472766297292
175,0.3534750679228826
176,0.3534773633076125
177,0.3534796514637859
178,0.3534819314527796
179,0.35348420238308187
180,0.35348646340841244
181,0.3534887137259136
182,0.3534909525744158
183,0.3534931792327731
184,0.35349539301826
185,0.3534975932850379
186,0.35349977942267535
187,0.3535019508547322
188,0.3535041070373942
189,0.3535062474581657
190,0.3535083716346095
191,0.3535104791131369
192,0.3535125694678459
193,0.3535146422994027
194,0.35351669723396784
195,0.35351873392216165
196,0.35352075203807254
197,0.3535227512783012
198,0.3535247313610417
199,0.35352669202519693
200,0.3535286330295331
201,0.35353055415185664
202,0.353532455188233
203,0.3535343359522278
204,0.35353619627418015
205,0.3535380360005025
206,0.35353985499300866
207,0.3535416531282639
208,0.3535434302969622
209,0.3535451864033285
210,0.35354692136453847
211,0.3535486351101656
212,0.35355032758164506
213,0.35355199873176063
214,0.3535536485241493
215,0.35355527693282585
216,0.35355688394172224
217,0.3535584695442489
218,0.35356003374286915
219,0.35356157654869125
220,0.3535630979810733
221,0.35356459806724866
222,0.3535660768419572
223,0.35356753434709837
224,0.35356897063139237
225,0.35357038575005667
226,0.3535717797644913
227,0.35357315274198187
228,0.35357450475540686
229,0.3535758358829625
230,0.3535771462078927
231,0.35357843581823256
232,0.35357970480655987
233,0.35358095326975786
234,0.3535821813087847
235,0.3535833890284531
236,0.35358457653721925
237,0.3535857439469766
238,0.35358689137286103
239,0.3535880189330628
240,0.35358912674864307
1,0.7523407609651116
2,0.7283688940965876
3,0.6981163169933343
4,0.6729002437861652
5,0.6518935924756952
6,0.6343641352290923
1,0.5054475100356958
2,0.4663318890227287
3,0.44519094888568295
4,0.4263990269991272
5,0.4096019931672192
6,0.3946298510000954
1,0.7341485615652741
2,0.6567094372938719
3,0.6339231928837049
4,0.6149519600788634
5,0.5992446618780225
6,0.5861987782199086
1,0.41282844534161994
2,0.1746787557700167
3,0.16705333958713645
4,0.1625231189606351
5,0.158437045335761
6,0.15458358465074343
7,0.1509333636245679
8,0.14747405950366863
9,0.14419483154073068
10,0.1410851324364986
11,0.13813478113612881
12,0.13533404776168362
13,0.13267368976072588
14,0.13014496189438918
15,0.12773961342984153
16,0.12544987835651958
17,0.12326846132244634
18,0.1211885207691414
19,0.1192036502145805
20,0.11730785835663474
21,0.11549554849753829
22,0.1137614976717628
23,0.1121008357741113
24,0.11050902492092518
25,0.10898183922815438
26,0.10751534515100411
27,0.1061058824978611
28,0.10475004620416956
29,0.10344466892867303
30,0.10218680451424104
31,0.10097371233796926
32,0.0998028425601598
33,0.09867182226899444
34,0.09757844250708582
35,0.09652064615747324
36,0.09549651665986765
37,0.09450426752285311
38,0.09354223259412871
39,0.09260885704852137
40,0.09170268905222705
41,0.09082237206134926
42,0.08996663771313719
43,0.08913429926922437
44,0.0883242455714931
45,0.08753543547283318
46,0.08676689270691713
47,0.08601770116310908
48,0.0852870005346837
49,0.08457398231061351
50,0.08387788608324052
51,0.08319799614615205
52,0.08253363835851323
53,0.08188417725394906
54,0.08124901337380695
55,0.08062758080626932
56,0.08001934491430951
57,0.0794238002369059
58,0.0788404685492427
59,0.07826889706883804
60,0.07770865679565754
61,0.07715934097529446
62,0.07662056367523705
63,0.07609195846510255
64,0.07557317719250026
65,0.07506388884690371
66,0.0745637785045622
67,0.07407254634807958
68,0.07358990675482692
69,0.07311558744885024
70,0.07264932871138448
71,0.07219088264549212
72,0.07174001249071832
73,0.07129649198399407
74,0.07086010476332698
75,0.0704306438111015
76,0.07000791093406873
77,0.06959171627733815
78,0.06918187786989957
79,0.0687782211993992
80,0.06838057881407127
81,0.06798878994989149
82,0.06760270018116872
83,0.06722216109292613
84,0.06684702997355282
85,0.06647716952631756
86,0.06611244759844657
87,0.06575273692656165
88,0.06539791489736545
89,0.06504786332254306
90,0.06470246822692427
91,0.06436161964902175
92,0.06402521145312229
93,0.06369314115217072
94,0.0633653097407373
95,0.06304162153741405
96,0.06272198403602657
97,0.06240630776509717
98,0.06209450615502978
99,0.06178649541252715
100,0.061482194401783215
101,0.06118152453202665
102,0.06088440965101885
103,0.06059077594413866
104,0.06030055183871
105,0.06001366791325261
106,0.05973005681135702
107,0.05944965315990568
108,0.05917239349137997
109,0.05889821617001122
110,0.058627061321548615
111,0.05835887076643283
112,0.05809358795617764
113,0.05783115791277477
114,0.05757152717094871
115,0.05731464372310142
116,0.057060456966793155
117,0.05680891765462064
118,0.05655997784635795
119,0.056313590863236784
120,0.0560697112442498
121,0.05582829470436775
122,0.05558929809456803
123,0.05535267936357855
124,0.05511839752124758
125,0.054886412603453595
126,0.05465668563847706
127,0.054429178614758725
128,0.05420385444997407
129,0.05398067696135829
130,0.053759610837219717
131,0.05354062160958262
132,0.05332367562790496
133,0.053108740033818505
134,0.05289578273684334
135,0.05268477239102931
136,0.05247567837248215
137,0.05226847075773239
138,0.05206312030290827
139,0.051859598423676774
140,0.05165787717591667
141,0.05145792923709245
142,0.05125972788829683
143,0.05106324699693296
144,0.05086846100000862
145,0.0506753448880161
146,0.05048387418937196
147,0.05029402495539454
148,0.050105773745794994
149,0.04991909761466164
150,0.04973397409691719
151,0.049550381195229046
152,0.04936829736735501
153,0.04918770151390625
154,0.04900857296651206
155,0.04883089147636912
156,0.048654637203161606
157,0.04847979070433696
158,0.04830633292472383
159,0.04813424518647941
160,0.04796350917935354
161,0.047794106951257395
162,0.04762602089912631
163,0.0474592337600646
164,0.0472937286027634
165,0.04712948881918048
166,0.04696649811647302
167,0.046804740509174936
168,0.046644200311608444
169,0.04648486213052317
170,0.04632671085795415
171,0.04616973166429072
172,0.0460139099915496
173,0.04585923154684523
174,0.045705682296049585
175,0.04555324845763638
176,0.045401916496702235
177,0.04525167311915992
178,0.04510250526609683
179,0.04495440010829417
180,0.044807345040901
181,0.04466132767825814
182,0.04451633584886696
183,0.044372357590498915
184,0.044229381145440116
185,0.04408739495586787
186,0.04394638765935415
187,0.04380634808449222
188,0.04366726524664223
189,0.04352912834379291
190,0.04339192675253411
191,0.04325565002413865
192,0.04312028788074837
193,0.04298583021166245
194,0.0428522670697237
195,0.04271958866780106
196,0.04258778537536414
197,0.04245684771514772
198,0.042326766359903595
199,0.042197532129236395
200,0.04206913598652168
201,0.04194156903590332
202,0.04181482251936791
203,0.04168888781389406
204,0.0415637564286742
205,0.04143942000240686
206,0.04131587030065715
207,0.04119309921328388
208,0.04107109875193084
209,0.040949861047580756
210,0.04082937834816988
211,0.040709643016261794
212,0.04059064752677814
213,0.04047238446478549
214,0.04035484652333568
215,0.040238026501359256
216,0.04012191730160948
217,0.04000651192865637
218,0.039891803486928404
219,0.03977778517880177
220,0.03966445030273433
221,0.039551792251444666
222,0.03943980451013355
223,0.0393284806547478
224,0.039217814350284076
225,0.039107799349133276
226,0.03899842948946253
227,0.038889698693635164
228,0.038781600966666885
229,0.03867413039471752
230,0.03856728114361706
231,0.03846104745742558
232,0.038355423657025434
233,0.038250404138745676
234,0.03814598337301697
235,0.03804215590305683
236,0.0379389163435845
237,0.03783625937956366
238,0.03773417976497365
239,0.0376326723216073
240,0.03753173193789538
1,0.7229361481349966
2,0.5814929130842337
3,0.5661046210697176
4,0.5505156482405377
5,0.5364364761599082
6,0.5237834360433227
7,0.5124128426510943
8,0.5021920139889468
9,0.4930007553432169
10,0.4847302847236044
11,0.4772822317963684
12,0.470567799899676
13,0.46450705256474106
14,0.4590282742587566
15,0.45406736442898377
16,0.4495672404452178
17,0.4454772408967922
18,0.4417525320538024
19,0.43835352635859665
20,0.43524532351503886
21,0.4323971836246859
22,0.42978203930991804
23,0.42737605089811104
24,0.42515820612934213
25,0.42310996377199267
26,0.42121493904920043
27,0.41945862784051513
28,0.417828166123784
29,0.41631212094975495
30,0.4149003092950478
31,0.4135836413359866
32,0.41235398496451536
33,0.41120404868400295
34,0.41012728034748164
35,0.40911777951489325
36,0.40817022149828797
37,0.40727979142901916
38,0.40644212691682624
39,0.40565326807761504
40,0.40490961388637137
41,0.4042078839663181
42,0.4035450850578232
43,0.40291848152337467
44,0.40232556934075264
45,0.40176405311766933
46,0.4012318257298336
47,0.4007269502423966
48,0.4002476438237961
49,0.39979226340245233
50,0.3993592928518171
51,0.3989473315189828
52,0.39855508393721806
53,0.3981813505841945
54,0.3978250195658677
55,0.3974850591215253
56,0.397160510858779
57,0.396850483638702
58,0.39655414804107714
59,0.39627073134818935
60,0.39599951299289127
61,0.3957398204229941
62,0.3954910253395464
63,0.3952525402713602
64,0.3950238154523254
65,0.39480433597173836
66,0.3945936191710826
67,0.39439121226355034
68,0.3941966901550878
69,0.3940096534479667
70,0.39382972660983817
71,0.3936565562929752
72,0.39348980978994447
73,0.3933291736133275
74,0.3931743521883462
75,0.3930250666483269
76,0.3928810537239319
77,0.3927420647179545
78,0.39260786455825497
79,0.3924782309221341
80,0.3923529534260545
81,0.3922318328751993
82,0.3921146805678659
83,0.39200131765015195
84,0.39189157451680556
85,0.39178529025448233
86,0.3916823121239991
87,0.3915824950784616
88,0.39148570131443655
89,0.3913917998535763
90,0.3913006661523337
91,0.39121218173760647
92,0.3911262338663388
93,0.39104271520727496
94,0.39096152354320424
95,0.3908825614921911
96,0.39080573624639375
97,0.3907309593271956
98,0.39065814635548124
99,0.39058721683597875
100,0.3905180939546736
101,0.3904507043883894
102,0.39038497812568934
103,0.39032084829832914
104,0.39025825102253797
105,0.39019712524948275
106,0.39013741262428936
107,0.39007905735306964
108,0.390022006077429
109,0.3899662077559687
110,0.38991161355234005
111,0.3898581767294331
112,0.3898058525493163
113,0.3897545981785681
114,0.38970437259866925
115,0.38965513652114775
116,0.38960685230718667
117,0.3895594838914318
118,0.38951299670974365
119,0.3894673576306637
120,0.38942253489038414
121,0.3893784980310074
122,0.3893352178419156
123,0.38929266630406745
124,0.3892508165370615
125,0.38920964274880715
126,0.38916912018766253
127,0.3891292250968973
128,0.38908993467136005
129,0.38905122701622785
130,0.38901308110772276
131,0.3889754767556958
132,0.38893839456797386
133,0.3889018159163843
134,0.3888657229043555
135,0.388830098336032
136,0.38879492568680407
137,0.3887601890751974
138,0.38872587323604074
139,0.3886919634948557
140,0.38865844574340264
141,0.38862530641632675
142,0.3885925324688468
143,0.3885601113554399
144,0.3885280310094714
145,0.38849627982372176
146,0.3884648466317674
147,0.38843372069018045
148,0.3884028916614995
149,0.3883723495979378
150,0.38834208492580025
151,0.38831208843056175
152,0.388282351242593
153,0.3882528648234904
154,0.3882236209529842
155,0.388194611716407
156,0.388165829492686
157,0.38813726694283907
158,0.38810891699895594
159,0.3880807728536339
160,0.38805282794985635
161,0.38802507597128744
162,0.3879975108329701
163,0.3879701266724028
164,0.3879429178409834
165,0.3879158788958063
166,0.3878890045917853
167,0.3878622898741036
168,0.38783572987096676
169,0.3878093198866464
170,0.38778305539480407
171,0.3877569320320856
172,0.3877309455919669
173,0.3877050920188496
174,0.3876793674023861
175,0.38765376797203593
176,0.3876282900918309
177,0.38760293025535064
178,0.38757768508089335
179,0.387552551306838
180,0.3875275257871864
181,0.3875026054872772
182,0.3874777874796716
183,0.3874530689401931
184,0.38742844714412633
185,0.3874039194625551
186,0.38737948335884914
187,0.38735513638528163
188,0.38733087617977546
189,0.38730670046277865
190,0.38728260703425343
191,0.38725859377078387
192,0.38723465862279016
193,0.3872107996118532
194,0.3871870148281345
195,0.3871633024278983
196,0.38713966063112354
197,0.3871160877192084
198,0.38709258203276015
199,0.3870691419694643
200,0.3870457659820394
201,0.38702245257626344
202,0.38699920030907475
203,0.386976007786745
204,0.3869528736631183
205,0.38692979663791555
206,0.386906775455102
207,0.3868838089013146
208,0.38686089580434824
209,0.38683803503169595
210,0.3868152254891421
211,0.3867924661194118
212,0.38676975590086293
213,0.38674709384623085
214,0.3867244790014177
215,0.3867019104443238
216,0.3866793872837231
217,0.38665690865818086
218,0.38663447373500726
219,0.38661208170925043
220,0.3865897318027271
221,0.3865674232630857
222,0.3865451553629044
223,0.38652292739882216
224,0.3865007386907003
225,0.38647858858081385
226,0.386456476433071
227,0.38643440163226467
228,0.3864123635833438
229,0.3863903617107174
230,0.38636839545757856
231,0.3863464642852559
232,0.3863245676725856
233,0.38630270511530634
234,0.38628087612547696
235,0.38625908023091293
236,0.3862373169746431
237,0.38621558591438787
238,0.3861938866220507
239,0.3861722186832345
240,0.38615058169676814
