1,0.5200440910458565
2,0.5165308379009366
3,0.49196991719305516
4,0.47117132026702163
5,0.4530217055603862
6,0.43693715427070856
7,0.4224693862721324
8,0.40927723647095265
9,0.39905600807629527
10,0.3943629257567227
11,0.39051801323890684
12,0.38719107398297636
13,0.3842883702740073
14,0.38173602959141134
15,0.3794764079665765
16,0.377463468471542
17,0.3756602560495958
18,0.3740368114085868
19,0.3725688696838915
20,0.3712358012795448
21,0.37002101285383104
22,0.36891042098402976
23,0.3678921076981351
24,0.36695594471879306
25,0.3660934528242797
26,0.3652967003826052
27,0.36455941971391437
28,0.36387593450024724
29,0.363241267115809
30,0.36265104355290534
31,0.3621015997347422
32,0.36158905227901417
33,0.3611105439462699
34,0.36066332482965663
35,0.3602449257462286
36,0.3598531115311198
37,0.35948608644772323
38,0.35914158950792624
39,0.35881818304769697
40,0.3585143592953682
41,0.3582287266035564
42,0.35796004623407496
43,0.35770735532045367
44,0.35746917623328045
45,0.35724473567679527
46,0.35703315479448067
47,0.35683359135175124
48,0.35664527768967674
49,0.3564677352644503
50,0.3562998554413207
51,0.35614126262487844
52,0.35599138570018113
53,0.35584970184136183
54,0.3557157181156799
55,0.35558921003714206
56,0.355469292672351
57,0.3553558140783571
58,0.3552483902964741
59,0.3551466849516146
60,0.3550503718899563
61,0.3549593608593568
62,0.3548729403573088
63,0.35479106060694904
64,0.354713476235047
65,0.35463995499303563
66,0.35457026759395377
67,0.354504441677127
68,0.3544418279430829
69,0.3543824775936082
70,0.3543262123095337
71,0.35427287249010986
72,0.3542223107267637
73,0.3541745937510859
74,0.35412914668093437
75,0.3540860734682065
76,0.3540452524460852
77,0.3540065585228149
78,0.3539698945963755
79,0.353935374757275
80,0.3539024526812136
81,0.3538712808070704
82,0.3538417547941208
83,0.3538138084195089
84,0.3537873437593225
85,0.3537625303049572
86,0.35373883513500914
87,0.35371643492486327
88,0.35369525367277677
89,0.35367524522007443
90,0.35365633610403163
91,0.35363869995228014
92,0.35362184962956233
93,0.353605961605208
94,0.35359098154935054
95,0.353576869724784
96,0.3535635897621978
97,0.35355130992131306
98,0.35353956449311225
99,0.35352852812502533
100,0.3535181806178298
101,0.35350848352187314
102,0.35349940275540576
103,0.35349113031406887
104,0.3534831955691334
105,0.35347580268396994
106,0.35346891660708935
107,0.3534625182743184
108,0.35345658427104354
109,0.3534513111365959
110,0.35344623723765833
111,0.3534415595501196
112,0.3534372676385101
113,0.3534333433001302
114,0.3534297553007491
115,0.35342672205064446
116,0.35342378152883613
117,0.3534211444493849
118,0.3534187866759021
119,0.3534167015820276
120,0.3534148793120403
121,0.35341352010844274
122,0.3534121664916165
123,0.3534110438718926
124,0.35341013135854155
125,0.35340941441594625
126,0.3534088910871651
127,0.3534087656380143
128,0.3534085876517929
129,0.3534085794701241
130,0.3534087264572736
131,0.3534090157004539
132,0.35340944840805605
133,0.3534102359565441
134,0.3534109153028112
135,0.35341172199347054
136,0.3534126342623495
137,0.3534136556321755
138,0.3534147773555014
139,0.35341620943974705
140,0.353417507231934
141,0.35341889430885204
142,0.3534203570045065
143,0.3534218929836061
144,0.3534235005150549
145,0.353425385261653
146,0.3534271113714203
147,0.3534288953896612
148,0.3534307382721454
149,0.35343262720736673
150,0.35343455892056225
151,0.35343676170683463
152,0.353438772126101
153,0.3534408238413744
154,0.3534429073019419
155,0.3534450228395872
156,0.3534471684251912
157,0.3534495559614152
158,0.3534517371607944
159,0.3534539563127328
160,0.3534561823180411
161,0.35345842704642566
162,0.3534606915700715
163,0.3534631781256758
164,0.3534654604271054
165,0.35346774782869034
166,0.35347004762734285
167,0.35347235088818707
168,0.35347465523984284
169,0.3534771777642891
170,0.3534794823965058
171,0.35348179458640516
172,0.3534840968786739
173,0.35348640237352813
174,0.35348870656220244
175,0.3534912200830877
176,0.3534935011493508
177,0.353495783432154
178,0.35349805959383956
179,0.3535003231302835
180,0.3535025793069508
181,0.35350503752240914
182,0.35350726639735514
183,0.35350948315695857
184,0.353511694468325
185,0.353513887480367
186,0.35351606710697525
187,0.3535184552369174
188,0.35352059490745885
189,0.3535227301332634
190,0.35352484515169635
191,0.35352694754255937
192,0.35352903458988294
193,0.35353131989133546
194,0.35353336401400154
195,0.3535353962588124
196,0.3535374066035729
197,0.35353939461521805
198,0.35354137102141975
199,0.3535435377364047
200,0.3535454675834626
201,0.3535473824769724
202,0.35354927350068466
203,0.353551152322907
204,0.3535530036140699
205,0.35355506021063776
206,0.3535568699857686
207,0.35355866300524214
208,0.3535604316368699
209,0.35356218001339584
210,0.3535639042360708
211,0.35356583731598223
212,0.35356751561746935
213,0.3535691808804404
214,0.353570820997702
215,0.3535724469134584
216,0.3535740465589333
217,0.35357584569603207
218,0.3535773974598851
219,0.3535789318883326
220,0.3535804482223466
221,0.3535819404921494
222,0.3535834165755659
223,0.35358508162898944
224,0.35358650544774717
225,0.35358791559701785
226,0.3535893020569347
227,0.3535906700929627
228,0.3535920097574126
229,0.35359355628606864
230,0.35359485586173833
231,0.3535961389599834
232,0.3535974024189636
233,0.35359864300466143
234,0.3535998671583366
235,0.35360127992229534
236,0.35360245827003384
237,0.3536036173161119
238,0.3536047605029307
239,0.35360587851144376
240,0.35360698315431366
1,0.8071972001343966
2,0.7787489496171475
3,0.7434298963844777
4,0.713150207772851
5,0.6870810186117887
6,0.6644904571026564
1,0.5299154704064131
2,0.48368460534140467
3,0.45514546129852534
4,0.42904425322078166
5,0.4096035863831639
6,0.39463144573383035
1,0.7346767998486757
2,0.6568526909314096
3,0.6340661774249747
4,0.6150946823600679
5,0.5993871215451508
6,0.5863409733213484
1,0.4473835805803537
2,0.2005994344316423
3,0.18394539983943103
4,0.1703865193761885
5,0.15906213372712955
6,0.15458957171300425
7,0.15094184957211837
8,0.14748257505474613
9,0.14420334331458434
10,0.14109364442527295
11,0.13814329308108428
12,0.13534255738719367
13,0.13268470874521882
14,0.130156011111103
15,0.1277506619435735
16,0.12546092548407614
17,0.12327950582024641
18,0.12119956329581327
19,0.11921720465179533
20,0.11732144280802459
21,0.11550913096521981
22,0.1137750794715248
23,0.11211441835388541
24,0.11052260569063947
25,0.10899792922427878
26,0.10753146788105368
27,0.106122000872856
28,0.10476616462226956
29,0.10346078664530069
30,0.10220292201964185
31,0.10099233841756358
32,0.0998215001047356
33,0.09869047853164375
34,0.09759709828707855
35,0.09653930040367413
36,0.09551517094718293
37,0.09452543398307171
38,0.09356343112245667
39,0.09263005468528718
40,0.09172388491104357
41,0.0908435682754498
42,0.08998783225892111
43,0.08915800468414091
44,0.08834798033989501
45,0.08755916831141804
46,0.08679062696144683
47,0.0860414334802772
48,0.08531073242775164
49,0.08460022456536535
50,0.0839041570055997
51,0.08322426600527251
52,0.08255990818986902
53,0.08191044728795532
54,0.08127528222074033
55,0.08065636076033116
56,0.08004815469059395
57,0.07945261021290208
58,0.07886927788087633
59,0.07829770594340517
60,0.0777374649469857
61,0.07719065525627229
62,0.07665190918429289
63,0.0761233029451978
64,0.07560452053527116
65,0.07509523000946501
66,0.07459511845750967
67,0.07410639296242152
68,0.07362378305377205
69,0.0731494645884959
70,0.07268320247007068
71,0.0722247553060879
72,0.07177388427415281
73,0.0713328707301116
74,0.07089651365531609
75,0.07046705131127964
76,0.07004431714827661
77,0.06962811880934168
78,0.06921827979982481
79,0.06881712444243021
80,0.06841951209658874
81,0.06802772137933061
82,0.06764162932129693
83,0.06726108787057455
84,0.06688595411062125
85,0.06651859581994359
86,0.06615390322418534
87,0.06579419068031711
88,0.06543936538117123
89,0.06508931200820371
90,0.06474391497074976
91,0.06440556353016291
92,0.06406918422682793
93,0.06373711045445817
94,0.06340927575773093
95,0.0630855847847124
96,0.06276594459959597
97,0.06245276271278272
98,0.06214098883705446
99,0.06183297545379901
100,0.0615286706329789
101,0.06122799766249955
102,0.06093087859786465
103,0.060639735633667445
104,0.060349539691014795
105,0.06006265124422498
106,0.059779036797990556
107,0.059498628542860386
108,0.05922136576162302
109,0.058949674470932224
110,0.05867854722644552
111,0.05841035201505292
112,0.05814506357011851
113,0.057882629520026964
114,0.057622994837001895
115,0.057368593767168935
116,0.05711443399690325
117,0.05686288906712434
118,0.05661394338370883
119,0.056367550915965695
120,0.05612366640998516
121,0.055884728069067933
122,0.055645756252124555
123,0.0554091309094656
124,0.05517484390889876
125,0.05494285359236528
126,0.054713120736414565
127,0.05448808657019981
128,0.05426278728773468
129,0.05403960349685803
130,0.053818530441858456
131,0.05359953429426241
132,0.05338258016607142
133,0.05317011259532592
134,0.05295718058157945
135,0.0527461621601833
136,0.05253706060677359
137,0.05232984572430723
138,0.05212448783488071
139,0.051923427666915815
140,0.05172172825405141
141,0.0515217728002608
142,0.051323562634497645
143,0.05112707411048177
144,0.0509322795868502
145,0.050741619597174575
146,0.05055017001715896
147,0.05036031198920682
148,0.05017205192198162
149,0.04998536659142701
150,0.04980023376221652
151,0.049619090677952046
152,0.049437026992527534
153,0.04925642150534259
154,0.049077283165679546
155,0.04889959109998017
156,0.04872332565537363
157,0.04855092381614668
158,0.04837748598372855
159,0.04820538678610319
160,0.048034639934194275
161,0.04786522717349726
162,0.047697129649714044
163,0.04753277663799963
164,0.04736728975916776
165,0.04720303737940412
166,0.04704003529241163
167,0.04687826549350575
168,0.046717711969577067
169,0.0465608041339874
170,0.04640267101873178
171,0.046245678472987495
172,0.046089842271285306
173,0.045935151340854644
174,0.0457815887126344
175,0.045631575881034225
176,0.04548025894531747
177,0.04533000277368046
178,0.04518081897900629
179,0.045032700459578336
180,0.04488563021981463
181,0.04474202382949443
182,0.044597047802362795
183,0.04445305269344317
184,0.04431006205270023
185,0.04416806024079051
186,0.0440270373876956
187,0.04388940328444733
188,0.04375033420246836
189,0.04361218036079663
190,0.04347496217704247
191,0.043338668194173806
192,0.0432032892299685
193,0.04307122586187688
194,0.042937675606572155
195,0.04280497925790769
196,0.04267315882076218
197,0.04254220327587973
198,0.04241210359979959
199,0.042285254950857054
200,0.04215686908895805
201,0.042029283742376716
202,0.041902517949274624
203,0.041776563318635454
204,0.041651413030886035
205,0.04152945326124609
206,0.041405913382477594
207,0.04128312115097287
208,0.041161099509645284
209,0.041039841091442215
210,0.040919338416006215
211,0.04080197026318274
212,0.040682983133337985
213,0.04056469772162018
214,0.04044713783558109
215,0.040330295951735026
216,0.04021416417335786
217,0.04010111605608472
218,0.039986414665272606
219,0.039872372606496356
220,0.039759014280953124
221,0.03964633292513099
222,0.03953432124098981
223,0.039425343532802797
224,0.03931468213730113
225,0.03920464265205737
226,0.03909524785458416
227,0.038986491384657714
228,0.038878369614994884
229,0.038773235143635246
230,0.03866638906794833
231,0.0385601294361004
232,0.038454478549138
233,0.038349433120565664
234,0.03824498572790617
235,0.03814348366910053
236,0.038040246608488815
237,0.03793756084582128
238,0.037835453973893894
239,0.037733917919831585
240,0.037632949375874886
1,0.7270469759963453
2,0.5815492551587522
3,0.5661122625460848
4,0.5505232808971777
5,0.5364441143581644
6,0.5237910659657792
7,0.5124205891415476
8,0.5021997692994773
9,0.4930085128825158
10,0.48473803614266214
11,0.47728998576290904
12,0.47057554936036466
13,0.46451492035761477
14,0.4590361501090229
15,0.45407524002715943
16,0.44957511147484186
17,0.44548510884866116
18,0.441760394917801
19,0.43836151065304874
20,0.43525331776589155
21,0.43240517186000943
22,0.42979002120904625
23,0.42738403543829917
24,0.42516618356108665
25,0.4231180669926107
26,0.42122304658405485
27,0.4194667335413396
28,0.4178362677060068
29,0.41632022162433713
30,0.41490840847603977
31,0.4135918731521815
32,0.41236221909988674
33,0.411212277058512
34,0.4101355096977204
35,0.40912600411102173
36,0.40817844098433853
37,0.4072881345683709
38,0.40645048348698765
39,0.4056616184674203
40,0.40491796122398227
41,0.4042162278294563
42,0.4035534252552316
43,0.4029269458027557
44,0.4023340348992497
45,0.40177252179943024
46,0.4012402927596122
47,0.4007354112807661
48,0.4002561025833711
49,0.39980084584560244
50,0.39936788502614945
51,0.3989559203060344
52,0.3985636715497822
53,0.3981899355445057
54,0.3978336011059582
55,0.397493764734827
56,0.3971692266967148
57,0.39685919174458834
58,0.39656285784207285
59,0.3962794394930825
60,0.39600821486208587
61,0.3957486495887861
62,0.3954998654406518
63,0.39526137739419936
64,0.3950326471682638
65,0.39481316743418576
66,0.3946024423092604
67,0.3944001630647108
68,0.3942056459421292
69,0.39401860632002356
70,0.39383867868687955
71,0.39366550333332273
72,0.3934987498493865
73,0.39333824383560567
74,0.3931834328453988
75,0.39303414279129356
76,0.3928901255317032
77,0.39275113890413194
78,0.39261692910455165
79,0.39248742199968545
80,0.3923621523752809
81,0.39224102910142394
82,0.3921238711662591
83,0.3920105067780241
84,0.39190076042432337
85,0.3917946029547602
86,0.39169163482263686
87,0.39159181628841905
88,0.3914950184384361
89,0.3914011112553999
90,0.39130997530650347
91,0.39122162031009794
92,0.39113568076863886
93,0.39105215973686425
94,0.39097096301149575
95,0.3908920026710257
96,0.39081517251674086
97,0.3907405150355771
98,0.3906677082786337
99,0.3905967826815322
100,0.39052765341941265
101,0.39046026110183446
102,0.39039452848024664
103,0.3903305318299681
104,0.3902679478051141
105,0.39020681322552264
106,0.3901471012365073
107,0.39008874136954547
108,0.39003168703522534
109,0.38997601279523225
110,0.389921428123489
111,0.38986798936966804
112,0.38981566136470064
113,0.3897644049837254
114,0.3897141757514328
115,0.3896650672587566
116,0.3896167932101525
117,0.389569421778433
118,0.38952293049078435
119,0.38947729211533444
120,0.38943245879374444
121,0.3893885515187867
122,0.38934528136858715
123,0.3893027283507399
124,0.38926087437430396
125,0.38921969613758844
126,0.38917916796170177
127,0.3891394014772959
128,0.3891001200862229
129,0.3890614099544473
130,0.3890232657920569
131,0.3889856544486247
132,0.38894856952130796
133,0.38891212093411015
134,0.388876032452099
135,0.38884041087003424
136,0.3888052346929908
137,0.3887704881001264
138,0.3887361798947677
139,0.3887023868667893
140,0.38866887907730413
141,0.3886357395746745
142,0.3886029661935754
143,0.388570537623018
144,0.3885384526127018
145,0.38850683205062525
146,0.3884754070127383
147,0.38844427480362353
148,0.38841344515560194
149,0.38838290264597164
150,0.3883526265132241
151,0.38832276152446865
152,0.38829303295584394
153,0.38826354838209226
154,0.38823430391261354
155,0.38820529096527023
156,0.3881765006785281
157,0.3881480698683299
158,0.3881197293032892
159,0.38809158297954127
160,0.388063633069396
161,0.388035883102566
162,0.3880083118099719
163,0.3879810570832342
164,0.3879538613278419
165,0.38792681311955673
166,0.3878999387612566
167,0.38787322121905166
168,0.38784666169667614
169,0.387820376616437
170,0.38779412222560494
171,0.38776799734449013
172,0.3877420041221194
173,0.38771615114295854
174,0.3876904256851412
175,0.38766495070653034
176,0.3876394819142297
177,0.38761411525309086
178,0.38758887079777193
179,0.38756373039912434
180,0.3875387059221975
181,0.38751391691155734
182,0.3874891080893576
183,0.38746438730042426
184,0.38743976385565476
185,0.3874152330751531
186,0.38739079106133434
187,0.3873665726208128
188,0.38734232503920796
189,0.3873181508923881
190,0.38729405219433827
191,0.38727003199514004
192,0.3872460959083401
193,0.38722236938774585
194,0.3871985900262371
195,0.38717487824382263
196,0.3871512321732007
197,0.38712765148375183
198,0.3871041485085152
199,0.3870808328525163
200,0.3870574645907618
201,0.38703415062977004
202,0.38701090021524576
203,0.38698770222021267
204,0.3869645644701086
205,0.38694161348510536
206,0.38691859929589556
207,0.38689563295803964
208,0.38687271303264426
209,0.3868498551193625
210,0.3868270410597324
211,0.3868044140725397
212,0.38678170782746746
213,0.38675904691917823
214,0.38673643360612914
215,0.38671385903377087
216,0.3866913347993977
217,0.38666898385621606
218,0.3866465566167608
219,0.3866241688490845
220,0.38660181226441637
221,0.3865795010328293
222,0.3865572309657
223,0.38653513572644443
224,0.3865129544492811
225,0.38649079855298624
226,0.38646868750685825
227,0.38644660958088933
228,0.3864245701720938
229,0.38640269452240317
230,0.3863807356217876
231,0.38635879896814
232,0.38633690371643753
233,0.3863150408794172
234,0.38629320747917517
235,0.3862715411721729
236,0.3862497872626409
237,0.38622805598191917
238,0.38620635196799413
239,0.38618468274595213
240,0.3861630473914556
