1,52.99989044189453
2,46.656929893493654
3,39.739766654968264
4,32.82260360717773
5,25.905440254211427
6,18.988284044265747
7,12.071287202835084
8,5.161030453443527
9,0.2202828115504235
10,0.011259783472341951
11,0.011252877455553971
12,0.011245974537159783
13,0.011458227115508635
14,0.011446296708018054
15,0.011439401866809931
16,0.011432511236926075
17,0.011425623416434973
18,0.01141873780376045
19,0.011631012709694915
20,0.011619104042183607
21,0.011612230038736016
22,0.011605360042885877
23,0.01159849489980843
24,0.011591632777708583
25,0.01180393059970811
26,0.011792040358996019
27,0.011785186270717531
28,0.011778335570706986
29,0.011771487661171705
30,0.011764642446069047
31,0.011976956750149838
32,0.011965084879775531
33,0.01195824976428412
34,0.011951417566742749
35,0.011944588572368957
36,0.011937762749148532
37,0.01215009459061548
38,0.012138240681379102
39,0.012131422212114558
40,0.012124607930891216
41,0.012117797310347669
42,0.012110990197979845
43,0.012323339396971278
44,0.012311504139215685
45,0.012304704467533156
46,0.012297907147440128
47,0.012291112031089142
48,0.012284321045153774
49,0.012496679028263315
50,0.012484858322422951
51,0.01247807332139928
52,0.012471291529363953
53,0.01246451269253157
54,0.012457737030927092
55,0.012670103798154742
56,0.0126582976419013
57,0.012651526934932917
58,0.012644759994000197
59,0.012637996822595596
60,0.012631237638415768
61,0.012843615653109737
62,0.012831828183261678
63,0.012825075968285091
64,0.012818326508859173
65,0.012811580316047184
66,0.012804836708237417
67,0.013017220926703885
68,0.013005451261997224
69,0.012998718079179525
70,0.012991988196154125
71,0.012985260595451109
72,0.012978535343427211
73,0.01319092428253498
74,0.013179171704105102
75,0.013172453955630771
76,0.013165738522657193
77,0.013159025622298941
78,0.013152317039784976
79,0.013364708784502
80,0.013352964309160598
81,0.013346254301141017
82,0.013339545757626184
83,0.013332839755457826
84,0.013326136177056469
85,0.013538524846662767
86,0.01352679448609706
87,0.013520098977023736
88,0.01351340786612127
89,0.013506721008452587
90,0.013500036260229536
91,0.013712421948439442
92,0.013700704445363953
93,0.013694021776900626
94,0.013687341287150047
95,0.01368066258437466
96,0.013673988048103637
97,0.013886370395193809
98,0.01387466626416426
99,0.013867997815832495
100,0.013861333029344678
101,0.01385467077663634
102,0.01384801067528315
103,0.014060389655642212
104,0.014048697603866457
105,0.014042041215579957
106,0.014035387189942412
107,0.014028737228363753
108,0.01402209029707592
109,0.014234460898442193
110,0.01422278423618991
111,0.01421614260005299
112,0.014209503245656379
113,0.014202865642728284
114,0.014196231014211661
115,0.014408590828534216
116,0.01439692200801801
117,0.014390288959839381
118,0.014383660178864374
119,0.014377034864737652
120,0.014370412430143914
121,0.014582762196077965
122,0.014571107342489995
123,0.014564487262396142
124,0.014557869857526384
125,0.014551254479447379
126,0.014544642044929787
127,0.014756978441146202
128,0.014745337615022436
129,0.014738734414568171
130,0.014732133604120463
131,0.014725534069584682
132,0.014718936874414794
133,0.014931260398006997
134,0.014919627361232415
135,0.014913028560695239
136,0.014906432720599695
137,0.014899840019643307
138,0.014893249487504362
139,0.015105554637266323
140,0.015093933489406481
141,0.015087346208747476
142,0.015080761916469782
143,0.015074180524679832
144,0.015067601007758639
145,0.015279885740601457
146,0.0152682706003543
147,0.015261690786574036
148,0.015255112450686283
149,0.015248536085127853
150,0.015241963581065648
151,0.01545422848954331
152,0.015442625696305185
153,0.015436056933249348
154,0.01542949107242748
155,0.015422927521867677
156,0.01541636627051048
157,0.015628610152052715
158,0.015617014790186658
159,0.015610454396810382
160,0.015603895979002119
161,0.01559734204725828
162,0.015590790149290115
163,0.015803009369410575
164,0.015791422504116782
165,0.01578487005433999
166,0.01577832007780671
167,0.015771774658933282
168,0.015765231099212542
169,0.015977422975120135
170,0.01596584353595972
171,0.015959299325477332
172,0.015952759211068042
173,0.01594622110016644
174,0.015939684805925936
175,0.01615184711467009
176,0.016140274620847776
177,0.016133737663622014
178,0.01612720263656229
179,0.016120669188094326
180,0.016114137975964695
181,0.016326270824647507
182,0.01631470663822256
183,0.016308178680483253
184,0.01630165209819097
185,0.01629512817307841
186,0.016288606083253398
187,0.016500708471867256
188,0.016489152208087034
189,0.0164826316566905
190,0.016476112955133432
191,0.0164695966913132
192,0.016463082791888156
193,0.01667515119712334
194,0.01666359708236996
195,0.016657077386626043
196,0.01665056025085505
197,0.016644044822314755
198,0.016637531196465716
199,0.016849559487891384
200,0.016838012631633318
201,0.016831500914995558
202,0.016824991993489677
203,0.016818484140676448
204,0.01681197726225946
205,0.017023970311856828
206,0.017012429427704773
207,0.017005923409597015
208,0.016999418376362884
209,0.016992914979928175
210,0.016986414492712355
211,0.017198366628726945
212,0.017186831856379287
213,0.01718033207987901
214,0.017173834383138454
215,0.0171673386573093
216,0.01716084399318788
217,0.017372762328595855
218,0.017361237117438578
219,0.017354746026103384
220,0.017348256292170846
221,0.01734176826721523
222,0.01733528264274355
223,0.017547159156529234
224,0.017535633581574075
225,0.017529143109568393
226,0.017522654870408588
227,0.017516168860602192
228,0.017509684770484455
229,0.01772151227982249
230,0.017709990071016365
231,0.017703500677016565
232,0.0176970129419351
233,0.017690528054954482
234,0.017684044435154648
235,0.01789582566532772
236,0.01788430158223491
237,0.017877811499056408
238,0.017871323568397202
239,0.017864838885725477
240,0.017858355622156524
1,54.85643955230713
2,50.38004962921143
3,45.31357852935791
4,40.2499585723877
5,35.18743000030518
6,30.126317691802978
1,24.4679612159729
2,17.352719163894655
3,9.954508337974548
4,2.645226127693604
5,0.0015895636650384403
6,0.0015890941037650919
1,0.5282398537486733
2,0.14325248447930788
3,0.14298730344322394
4,0.1427226085156144
5,0.14245841745243523
6,0.14219468193899956
1,34.555136375427246
2,25.92067947387695
3,16.892058734893798
4,7.863402116298675
5,0.6250889083405491
6,0.005982156550817308
7,0.008487446639046539
8,0.008517752948682756
9,0.008516319279297023
10,0.008514885375043378
11,0.00851345181275974
12,0.00851201818601112
13,0.011019127686158753
14,0.011049688785278703
15,0.011048491057008504
16,0.01104729311511619
17,0.011046095356578007
18,0.011044897450192366
19,0.013553462464478798
20,0.013584224389924203
21,0.013583213113306555
22,0.013582201995886863
23,0.01358119068259839
24,0.013580179385608062
25,0.0160898390278453
26,0.01612074250821024
27,0.01611986129602883
28,0.016118980494793503
29,0.016118099534651265
30,0.016117218909785153
31,0.018627608848619276
32,0.018658594512962735
33,0.01865778897772543
34,0.018656983791734093
35,0.018656178732053375
36,0.018655373030924238
37,0.021166120280395263
38,0.02119713633786887
39,0.021196358670131303
40,0.02119558129226789
41,0.021194803491816856
42,0.02119402587180957
43,0.023704772017663345
44,0.023735763802542352
45,0.02373496235930361
46,0.023734160707099362
47,0.023733359630568884
48,0.023732558145420624
49,0.02624294450157322
50,0.026273851706064305
51,0.026272971184225752
52,0.026272090869024396
53,0.026271210604463704
54,0.026270330336410554
55,0.028779988649184816
56,0.028810754771111533
57,0.028809742637095043
58,0.028808731089811773
59,0.02880771833762992
60,0.028806706733303145
61,0.03131527459307108
62,0.03134584236715455
63,0.03134464489121456
64,0.03134344785765279
65,0.03134224975190591
66,0.03134105250646826
67,0.03384815994417295
68,0.03387847050558776
69,0.03387703165411949
70,0.033875593398697675
71,0.03387415509903804
72,0.03387271645944565
73,0.03637800178374164
74,0.03640800318447873
75,0.03640627730404958
76,0.0364045513572637
77,0.03640282558626495
78,0.03640109954983927
79,0.03890420907642692
80,0.03893384699942544
81,0.03893178276484832
82,0.03892971869092435
83,0.03892765574506484
84,0.03892559155705385
85,0.04142615613993257
86,0.04145536475814879
87,0.0414529012166895
88,0.04145043691794854
89,0.041447973623289724
90,0.04144551034376491
91,0.043943169924314136
92,0.043971903945202936
93,0.0439689979708055
94,0.04396609370654914
95,0.043963187471381386
96,0.043960282406187615
97,0.04645468452887144
98,0.046482887020683844
99,0.04647948814264964
100,0.046476089398493056
101,0.04647269248322118
102,0.046469295062706806
103,0.04896008050709497
104,0.048987686748732814
105,0.04898373140429612
106,0.04897977562679443
107,0.04897582004254218
108,0.04897186539077666
109,0.05145866288687102
110,0.05148562386399135
111,0.0514810662867967
112,0.0514765097736381
113,0.05147195321391337
114,0.051467397584347055
115,0.053949874193640425
116,0.05397614933899604
117,0.05397095781052485
118,0.05396576656959951
119,0.053960574232041834
120,0.05395538371987641
121,0.05643319149850868
122,0.056458709477446974
123,0.056452810447663065
124,0.05644691201043315
125,0.05644101406331174
126,0.05643511656438932
127,0.058907890755217525
128,0.0589326068921946
129,0.058925964202499015
130,0.058919324325397614
131,0.05891268621548079
132,0.05890604760148563
133,0.06137344912625849
134,0.06139730058494024
135,0.06138984973425977
136,0.061382401218870654
137,0.06137495288159698
138,0.06136750713340007
139,0.06382918535149656
140,0.06385213762521744
141,0.06384385278448462
142,0.06383556994143874
143,0.063827286522137
144,0.06381900869309902
145,0.06627463086508215
146,0.0662966201803647
147,0.06628744353889487
148,0.06627826709067448
149,0.06626909309532493
150,0.0662599208462052
151,0.06870915409759619
152,0.06873013324802742
153,0.06872002004180104
154,0.06870990758063272
155,0.06869979945593513
156,0.06868969248374925
157,0.07113218903541565
158,0.07115209796000271
159,0.07114098561229185
160,0.0711298735672608
161,0.07111876501468942
162,0.07110766337020323
163,0.0735430770064704
164,0.07356185093754902
165,0.07354968564352021
166,0.07353751956252381
167,0.07352535752113909
168,0.0735131979174912
169,0.07594119866378606
170,0.0759588316071313
171,0.07594560517929494
172,0.07593237782479263
173,0.07591915674507618
174,0.07590593483182602
175,0.07832621335168369
176,0.0783426182763651
177,0.07832824767683633
178,0.07831387897254899
179,0.07829951305873692
180,0.07828514832770452
181,0.08069736118544825
182,0.0807125062844716
183,0.08069696714635938
184,0.0806814321083948
185,0.08066589895286597
186,0.08065036759246141
187,0.08305419903947041
188,0.08306802732869983
189,0.08305126334773377
190,0.08303450521198101
191,0.08301774639869108
192,0.08300099185435102
193,0.08539611998712644
194,0.08540858315536752
195,0.08539055007509887
196,0.08537252372130752
197,0.08535449838498607
198,0.08533647647011094
199,0.08772259345278144
200,0.08773365737870335
201,0.08771432797657326
202,0.087694998861989
203,0.08767567413859069
204,0.08765635401941836
205,0.09003314340487123
206,0.09004274970269761
207,0.0900220641202759
208,0.09000138045055792
209,0.08998070252127946
210,0.08996002933359705
211,0.09232717183534987
212,0.09233525752322748
213,0.09231316623976454
214,0.09229107633698731
215,0.09226899133529515
216,0.09224690855713562
217,0.09460411113686859
218,0.09461067666299641
219,0.09458716982742771
220,0.09456366522237658
221,0.09454016353702173
222,0.09451667103217914
223,0.09686362489592285
224,0.09686856429325416
225,0.09684355221455916
226,0.09681854771450162
227,0.09679355355910957
228,0.09676856365287677
229,0.0991049767867662
230,0.0991083076223731
231,0.09908179443795234
232,0.0990552883199416
233,0.09902878675609827
234,0.09900228862185032
235,0.10132788214599714
236,0.10132955655921251
237,0.10130150422686711
238,0.10127345801098273
239,0.10124542300123722
240,0.10121739144437016
1,4.110817764401435
2,0.05633653661323478
3,0.007636127887235489
4,0.007632783828885294
5,0.0076294411986600605
6,0.007626100015186239
7,0.0077500521950423715
8,0.007757533363183029
9,0.00775422042759601
10,0.007750908805173822
11,0.007747598355927039
12,0.007744288720714394
13,0.007868414007825777
14,0.007875932980678044
15,0.007872653361991978
16,0.007869374329748097
17,0.007866096749203279
18,0.007862820805166848
19,0.007987119232129771
20,0.007994676752132364
21,0.007991431570553686
22,0.007988188400631771
23,0.007984946638171096
24,0.00798170595895499
25,0.008106175894208718
26,0.008113767959002871
27,0.008110553204023745
28,0.00810733992693713
29,0.008104127589904237
30,0.008100916766852605
31,0.008225553970551119
32,0.008233182228286751
33,0.008229999689501711
34,0.00822681818564888
35,0.00822363786981441
36,0.008220458380528727
37,0.008345262205111795
38,0.008352925035287626
39,0.00834977274411358
40,0.008346622301032766
41,0.008343473147251644
42,0.008340325696044601
43,0.008465296005015261
44,0.008472995548509062
45,0.008469875625451095
46,0.008466756223351695
47,0.008463638798566535
48,0.008460522276582196
49,0.008585658316733316
50,0.008593392819166183
51,0.008590304736280814
52,0.008587217789608985
53,0.008584131677635014
54,0.008581046180333942
55,0.00870634501450695
56,0.0087141149956733
57,0.008711058285553009
58,0.008708003398496658
59,0.008704949340317398
60,0.008701895824633538
61,0.008827357217669488
62,0.008835159864975139
63,0.008832131493836642
64,0.008829103400930762
65,0.008826075886609032
66,0.00882305065752007
67,0.00894867030903697
68,0.008956508076516911
69,0.008953510913997889
70,0.008950514773605391
71,0.008947520048823208
72,0.008944526148261502
73,0.00907030598144047
74,0.00907817734638229
75,0.00907521008513868
76,0.009072244132403285
77,0.009069279200630262
78,0.009066315040690824
79,0.00919225454563275
80,0.00920016020303592
81,0.009197223510127514
82,0.00919428790686652
83,0.00919135355972685
84,0.009188419699203223
85,0.009314514161087573
86,0.009322450157487765
87,0.00931954036699608
88,0.009316631217952818
89,0.009313723420491441
90,0.009310816982761025
91,0.00943706471589394
92,0.009445032139774412
93,0.00944214956020005
94,0.009439268938731402
95,0.009436388874892145
96,0.009433510306989775
97,0.009559913664124906
98,0.009567915512016044
99,0.009565064071211963
100,0.009562213879544288
101,0.009559364585438743
102,0.009556515645235776
103,0.009683069336460903
104,0.009691103759687394
105,0.009688280847622082
106,0.009685458443127572
107,0.00968263802002184
108,0.00967981833498925
109,0.00980652577476576
110,0.00981458997586742
111,0.009811793437693268
112,0.00980899759568274
113,0.009806202462641522
114,0.009803409159649163
115,0.009930265070870518
116,0.009938363139517604
117,0.00993559731519781
118,0.009932832258054986
119,0.009930068447720259
120,0.009927305669989436
121,0.0100543127884157
122,0.010062442463822662
123,0.010059703525621444
124,0.010056966771371663
125,0.010054230774985627
126,0.010051496038213372
127,0.010178649548906833
128,0.01018680727458559
129,0.010184093599673361
130,0.010181380974827334
131,0.010178669606102631
132,0.010175958756590262
133,0.010303256588522346
134,0.010311445853440092
135,0.010308759592007846
136,0.010306074515683576
137,0.010303390134358778
138,0.010300706475973129
139,0.010428148723440245
140,0.010436368074733764
141,0.010433707803022116
142,0.010431049165781588
143,0.010428392349276693
144,0.01042573606595397
145,0.01055332094663754
146,0.010561571195721627
147,0.010558939094189555
148,0.010556307173101232
149,0.010553675667615607
150,0.010551045353058725
151,0.010678775077685713
152,0.010687056313036009
153,0.010684451579581946
154,0.010681847233790905
155,0.010679244769271463
156,0.01067664303816855
157,0.010804512379691005
158,0.01081282077007927
159,0.010810239678248764
160,0.010807659648125991
161,0.0108050807681866
162,0.010802503240993246
163,0.010930511793121695
164,0.010938848953228443
165,0.010936293236445635
166,0.010933738676831126
167,0.010931185109075158
168,0.01092863252502866
169,0.011056777397170663
170,0.011065143425948918
171,0.011062613222748041
172,0.011060084272176028
173,0.011057556169107556
174,0.011055028857663273
175,0.011183310876367614
176,0.011191703684162349
177,0.011189197322819382
178,0.01118669191841036
179,0.011184187319595367
180,0.011181683798786252
181,0.0113101019221358
182,0.011318523271474987
183,0.011316042396938428
184,0.01131356250261888
185,0.011311082848114893
186,0.011308604585938156
187,0.011437155853491277
188,0.011445605278713628
189,0.01144314881763421
190,0.011440692720934748
191,0.011438238185364753
192,0.011435784378554671
193,0.011564468470169231
194,0.011572945101652294
195,0.011570511928293854
196,0.011568079680437222
197,0.011565648303367197
198,0.011563218756346033
199,0.011692034790758043
200,0.011700538074364886
201,0.011698128449497745
202,0.011695719994604588
203,0.011693312380230055
204,0.011690905182622374
205,0.011819850627798587
206,0.011828381528612226
207,0.011825996903935447
208,0.011823612775187939
209,0.011821229907218367
210,0.011818847693502903
211,0.011947923821862787
212,0.011956479144282639
213,0.011954115938860923
214,0.0119517538161017
215,0.01194939270731993
216,0.011947031882591545
217,0.012076235236600041
218,0.01208481884561479
219,0.012082480479730293
220,0.012080143376952037
221,0.012077807234600186
222,0.012075471671996638
223,0.012204801850020885
224,0.012213408952811733
225,0.012211091591743752
226,0.012208775589242578
227,0.01220646056579426
228,0.012204146212898195
229,0.012333600947167725
230,0.012342233825474978
231,0.0123399386764504
232,0.01233764501987025
233,0.012335351840592921
234,0.012333058521617203
235,0.012462635613046587
236,0.012471295024733991
237,0.012469023319426923
238,0.012466752636246383
239,0.012464482093928381
240,0.012462212601676584
