1,18.36897326434652
2,0.13828886600832144
3,0.13196153910209735
4,0.1320951634272933
5,28.186936782275637
6,28.68906455039978
7,28.76807933807373
8,28.765715703964233
9,57.90834007263184
10,57.918878116607665
11,57.9153546778361
12,57.8898115793864
13,86.99399903615316
14,87.15005469640096
15,87.12173769632976
16,87.03676448822021
17,116.24736896514892
18,116.29714324951172
19,116.2278161875407
20,116.29805873870849
21,145.6759328842163
22,145.7322288131714
23,145.71729091644286
24,145.69634201049806
25,175.0900568898519
26,175.1537820180257
27,175.18215635935465
28,175.1349721654256
29,204.44338788350424
30,204.55404172261555
31,204.64353371938068
32,204.42133611043295
33,233.56508682250976
34,233.27620279947917
35,233.68769208272298
36,233.6678631591797
37,262.9554520924886
38,262.9033785247803
39,262.9334491475423
40,263.03554260253907
41,291.97603828430175
42,292.28813377380374
43,292.27375025431314
44,292.35955090840656
45,321.6086222839356
46,321.7134405263265
47,321.62580746968587
48,321.80131950378416
49,351.0437303415934
50,350.853798421224
51,350.3887628428141
52,350.8907142384847
53,380.2860769144694
54,380.0875816345215
55,380.32798960367836
56,380.1544512430827
57,409.38992426554364
58,409.50154719034833
59,409.3022750854492
60,409.6269323730469
61,438.7175223795573
62,438.828900197347
63,438.91598439534505
64,438.7689325459798
65,468.27548619588214
66,468.25221842447917
67,468.1930059305827
68,468.0764270019531
69,497.5124190266927
70,497.468251953125
71,497.69758473714194
72,497.31208862304686
73,526.7729637145997
74,526.6386254882813
75,526.6302635701497
76,526.5866273498535
77,556.1501170349121
78,556.1074177042643
79,556.0432305399577
80,555.8162614440918
