1,1.653056146229307
2,0.38250389649222294
3,0.2806959759319822
4,0.24242827360828717
5,0.21478005323559046
6,0.19841110269228618
7,0.18294447562657296
8,0.1711433153071751
9,0.1616783495231842
10,0.1589394279119248
11,0.15701744858175515
12,0.14471778641610095
13,0.14279339817042153
14,0.13274025367262463
15,0.12678613044476758
16,0.12944958071845272
17,0.12426796467586732
18,0.12142282179634398
19,0.11530238248330231
20,0.11245990873974127
21,0.10889059291298811
22,0.1142424675473012
23,0.11075384360427658
24,0.11131457674549892
25,0.11366555617811779
26,0.11121794424951076
