1,4.188331969678402
2,0.763462255448103
3,0.4777220341066519
4,0.37811498016119005
5,0.35719891677300136
6,0.3276157359530528
7,0.29843772010256847
8,0.2847860467558106
9,0.29113062684734664
10,0.28489597267160816
11,0.2676116508121292
12,0.26208272036165
13,0.2746765007575353
14,0.26242398579915366
15,0.2632821958636244
16,0.25051660964886346
17,0.27125375310579936
18,0.2637883782883485
19,0.26132870378593603
20,0.254405365784963
21,0.2843686471134424
22,0.2707481638590495
23,0.27352907670040927
24,0.2663718078782161
25,0.2977104353656371
26,0.2846331835538149
27,0.28228637114167215
28,0.28397016018629073
29,0.3121041292945544
30,0.3057303414990505
31,0.30435463063418866
32,0.3011853922655185
33,0.32584488260249295
34,0.31791367664933207
35,0.3139976494014263
36,0.31644219915072125
37,0.34091303415596486
38,0.3377096094439427
39,0.33695091428856055
40,0.3423924442877372
41,0.3596759002407392
42,0.35742428826789063
43,0.35633594187597434
44,0.3617505181829135
45,0.37655410962800184
46,0.3796503789474567
47,0.37597708029051624
48,0.37651189185678957
49,0.4166782772541046
50,0.40323270534475647
51,0.42224619862933954
52,0.4106370484828949
53,0.4300692942738533
54,0.42474251359701154
55,0.4269521240393321
56,0.41361955779294174
57,0.4449930759767691
58,0.44707094967365263
59,0.4400473026931286
60,0.44701597119371095
61,0.4650649138291677
62,0.466937001546224
63,0.4637960905830065
64,0.4646106903751691
65,0.4968598877886931
66,0.4856415588160356
67,0.506397511313359
68,0.4913133555650711
69,0.5222005426883698
70,0.5270598965883255
71,0.5228058729569117
