1,73.72
2,86.5
3,87.9
4,89.12
5,90.32
6,91.32
7,91.35
8,91.56
9,92.31
10,92.44
11,92.03
12,92.66
13,92.8
14,92.9
15,92.76
16,92.86
17,93.1
18,93.47
19,92.94
20,93.29
21,93.02
22,93.32
23,93.44
24,92.91
25,93.95
26,93.72
27,93.57
28,94.02
29,93.2
30,94.43
31,94.06
32,93.92
33,93.54
34,94.25
35,94.26
36,94.08
37,94.5
38,94.15
39,94.37
40,94.37
41,94.47
42,94.52
43,94.62
44,94.61
45,94.31
46,94.26
47,94.29
48,94.48
49,94.59
50,94.65
51,94.42
52,94.6
53,94.54
54,94.33
55,94.5
56,94.82
57,94.82
58,94.62
59,94.53
60,94.77
61,94.47
62,94.82
63,94.86
64,94.95
65,94.75
66,94.83
67,95.07
68,95.28
69,94.7
70,95.11
71,94.4
72,95.15
73,95.01
74,95.21
75,94.96
76,95.1
77,94.96
78,94.98
79,95.17
80,95.28
