1,1.364143195648988
2,0.7226339196662108
3,1.1590105027953783
4,1.435796667834123
5,1.193715122838815
6,1.1856340007980664
7,1.1833673230806987
8,1.180185435215632
9,1.1777306257685025
10,1.1769538814822833
11,1.1745456425348917
12,1.174956357975801
13,1.1736515749494234
14,1.1731119872132938
15,1.1716285907228787
16,1.1729600915312768
17,1.1710869420568149
18,1.1713623900214831
19,1.1705348376433056
20,1.1711608412861825
21,1.1701147064566613
22,1.1712785468498865
23,1.1698480299115182
24,1.1703290475408237
25,1.1704104075829187
26,1.1704561559359232
27,1.1703178584575653
28,1.1703888970613479
29,1.1703771788875261
30,1.170772759616375
31,1.1700188179810842
32,1.1712601155042648
33,1.1706272183855375
34,1.1717831125855447
35,1.1707054312030474
36,1.1715729455153148
37,1.1713401235143344
38,1.1723224900166194
39,1.1715123575925828
40,1.172431110541026
41,1.1714525744318962
42,1.1735131910443306
43,1.1722809996207555
44,1.1731381730238597
45,1.1731796448429426
46,1.173343155781428
47,1.1725012236833572
48,1.1687812214096387
49,1.1751126185059548
50,1.1527392612894376
51,0.45741597323367994
52,0.2773131055384874
53,1.086908816670378
54,0.2664547683671117
55,1.0299089573820432
56,0.2207564781109492
57,1.2483032674094041
58,1.1849619548519452
59,1.1818634616335233
60,1.1809140663345654
61,1.1807790487011274
62,1.180055125753085
63,1.1799893739819527
64,1.1807538249095282
65,1.1798733550310134
66,1.1810860980550448
67,1.1800957110524177
68,1.181256087422371
69,1.1808419040838878
