1,0.21312501423415683
2,0.23453374632767268
3,0.24333334891569047
4,0.2485218449007897
5,0.2533531937570799
6,0.25758930224747884
7,0.2616964454452197
8,0.26387898730380194
9,0.2666170824141729
10,0.2694940673453467
11,0.26991073396943865
12,0.27311509599288303
13,0.27137898689224604
14,0.27624009727012544
15,0.2767758174311547
16,0.2741369296397482
17,0.273025811782905
18,0.2751885074235144
19,0.27339287598927814
20,0.274226209237462
21,0.27117065375759486
22,0.27074406225056874
23,0.2749206565675281
24,0.2754166821638743
25,0.27287700062706355
26,0.27309525899943854
27,0.2738988321451914
28,0.27375994055044084
29,0.27547620910973775
30,0.27458335423753377