1,0.5747534151375294
2,0.4288895747065544
3,0.40782668329775335
4,0.3901991356536746
5,0.3733246722072363
6,0.35697159137576817
7,0.34108568999916317
8,0.32563515126705167
9,0.3105924912635237
10,0.29593223713804034
11,0.28430432260851374
12,0.27896646507899275
13,0.27416240125661717
14,0.26965300813666543
15,0.26541977585176935
16,0.2614453039737418
17,0.2577133791567758
18,0.25420886354288086
19,0.25091773736407047
20,0.2478266405314207
21,0.24492336006835103
22,0.2421963658288587
23,0.2396348458470311
24,0.23722864276496694
25,0.23496825037524105
26,0.23284443470882252
27,0.2308487256465014
28,0.22897301282035187
29,0.22720959862112067
30,0.22555119934841059
31,0.22399099199683406
32,0.22252223347313702
33,0.2211388303525746
34,0.2198349430842791
35,0.21860506291734055
36,0.2174439966736827
37,0.2163470053160563
38,0.2153093402972445
39,0.21432686040643603
40,0.21339560623047873
41,0.21251191857270896
42,0.211672376554925
43,0.2108739285520278
44,0.2101134537742473
45,0.2093883609981276
46,0.20869617382530123
47,0.2080345863942057
48,0.20740150644211097
49,0.20679508140776307
50,0.20621333603514358
51,0.20565472217742353
52,0.20511774118989706
53,0.20460100326454267
54,0.20410323640098796
55,0.2036233534035273
56,0.20316009777830912
57,0.20271255435887725
58,0.2022798200743273
59,0.2018610378820449
60,0.20145544986939057
61,0.20106240916997195
62,0.2006810622732155
63,0.20031089536147192
64,0.19995133565505965
65,0.19960185166448355
66,0.19926194519270213
67,0.1989312684861943
68,0.19860918555408716
69,0.19829540934413672
70,0.1979895581281744
71,0.19769130065105855
72,0.19740029872395098
73,0.19711636232445018
74,0.19683897960465402
75,0.19656801448436453
76,0.1963031944143586
77,0.19604429245460778
78,0.19579107608180493
79,0.19554345042444765
80,0.19530100006842985
81,0.19506363773019986
82,0.19483119627460838
83,0.194603499667719
84,0.19438038285123185
85,0.1941618051682599
86,0.19394740636693314
87,0.19373715572291986
88,0.19353092497447505
89,0.1933285799645819
90,0.19313000895315782
91,0.19293519150000066
92,0.19274382010567934
93,0.19255588905885815
94,0.19237130173365585
95,0.19218994821072555
96,0.19201175759313627
97,0.19183672919287345
98,0.1916645716293715
99,0.19149530623224564
100,0.19132886921637693
101,0.19116516777547077
102,0.1910041346831713
103,0.1908458028221503
104,0.1906899014476221
105,0.1905364642594941
106,0.19038543122820556
107,0.19023673080722803
108,0.190090326591162
109,0.1899462414311711
110,0.18980422922293655
111,0.18966433908673935
112,0.18952651101979426
113,0.18939070877619088
114,0.18925687537062913
115,0.18912507211090998
116,0.18899504152243027
117,0.18886685472913087
118,0.18874045494711025
119,0.18861582118552178
120,0.1884928944532294
121,0.18837174821645022
122,0.18825213877484204
123,0.18813414664939046
124,0.18801770826918074
125,0.18790281361085362
126,0.18778941311175004
127,0.1876775987423025
128,0.18756711861817166
129,0.18745804593199863
130,0.18735035745892673
131,0.1872440220369026
132,0.18713901162496768
133,0.1870354058034718
134,0.18693296435521917
135,0.18683178137871437
136,0.1867318141798023
137,0.18663305423571727
138,0.18653546372195706
139,0.18643913346226326
140,0.1863438327505719
141,0.18624964862829074
142,0.18615654725115746
143,0.1860645160463173
144,0.1859735326014925
145,0.18588369528879412
146,0.18579475842765533
147,0.18570682250428944
148,0.18561985345208087
149,0.18553385204053485
150,0.18544879056978972
151,0.18536475998465904
152,0.18528153134393505
153,0.18519920573337004
154,0.18511774467653594
155,0.18503716327017172
156,0.1849574205256067
157,0.18487863006186672
158,0.18480055091204123
159,0.18472327732131816
160,0.1846468031499535
161,0.1845711136551108
162,0.1844961937260814
163,0.18442213681642897
164,0.18434871868463232
165,0.18427603504736909
166,0.18420407405705191
167,0.18413282930734567
168,0.18406228306586855
169,0.18399253202485852
170,0.1839233536622487
171,0.1838548486260697
172,0.18378700338769705
173,0.18371980690397322
174,0.18365325272199698
175,0.1835874325269833
176,0.1835221289016772
177,0.18345744181890042
178,0.18339335020747968
179,0.18332986483816058
180,0.18326695971773005
181,0.1832047434442211
182,0.18314298833487555
183,0.18308180666062981
184,0.18302116874838248
185,0.18296108917798848
186,0.18290153817390092
187,0.18284264255082236
188,0.18278415472246706
189,0.18272618941729887
190,0.1826687311765272
191,0.1826117903564591
192,0.18255533772753552
193,0.1824994951742701
194,0.18244402341078966
195,0.18238903029006906
196,0.18233451990410685
197,0.18228046497155448
198,0.18222688497509806
199,0.1821738588565495
200,0.1821211803366896
201,0.18206894243718125
202,0.1820171521353768
203,0.18196578705566935
204,0.18191485810209998
205,0.1818644549860619
206,0.1818143668520497
207,0.18176468676829244
208,0.18171542506490368
209,0.18166655744891613
210,0.18161809250712393
211,0.18157013091025875
212,0.18152245046512688
213,0.18147515596763697
214,0.18142824079084677
215,0.18138170268561227
216,0.1813355345436139
217,0.18128983916772995
218,0.18124440694227814
219,0.1811993289226666
220,0.18115461149369366
221,0.1811102447338635
222,0.18106622366816738
223,0.18102265737834386
224,0.18097931325261016
225,0.18093631370342336
226,0.18089364612300415
227,0.18085131004860158
228,0.1808092969248537
229,0.1807677157688886
230,0.18072633381059858
231,0.18068527191644534
232,0.1806445261661429
233,0.18060408412420656
234,0.18056394946819637
235,0.1805242273438489
236,0.18048469102650416
237,0.18044544720265548
238,0.18040650187933352
239,0.18036784753843677
240,0.1803294785163598
1,0.6577991484850645
2,0.4549610808491707
3,0.4382329415157437
4,0.42339411061257126
5,0.41011251002550125
6,0.4032258618995547
1,0.7078698164224625
2,0.6665762206166983
3,0.640804945230484
4,0.6211136106029153
5,0.6075364134088158
6,0.5964238895475864
1,0.8924438886344432
2,0.8236599344015122
3,0.7878722375631333
4,0.7583675914257765
5,0.7340782370418311
6,0.7139349192753435
1,1.059373849183321
2,0.8446794438362122
3,0.7933444561064243
4,0.753417761400342
5,0.7225461846590042
6,0.6986924556642771
7,0.6801705224812031
8,0.6656541313230991
9,0.6541379335522651
10,0.644871422201395
11,0.6373003724962473
12,0.6310199385881424
13,0.62572648614645
14,0.6211965037882328
15,0.6172622974216938
16,0.6137976449728012
17,0.6107036124914884
18,0.6079056976735592
19,0.6053460674732923
20,0.602980557307601
21,0.6007736972719431
22,0.5986972817033529
23,0.5967278640717268
24,0.5951330445706844
25,0.5946103225648404
26,0.5942361576110124
27,0.5939145507663488
28,0.5936374538391829
29,0.5933981878310441
30,0.5931911735236645
31,0.5930114401876927
32,0.5928557246923447
33,0.5927204018831254
34,0.592602679207921
35,0.5925001655519009
36,0.5924108400940895
37,0.5923326250165701
38,0.5922647017985583
39,0.592205458432436
40,0.5921537716686726
41,0.592108699157834
42,0.5920693972706794
43,0.5920348130911589
44,0.5920049864053726
45,0.5919790366291999
46,0.5919564847648143
47,0.5919369109719992
48,0.5919199454039336
49,0.5919049490988254
50,0.5918922861665488
51,0.5918813915550709
52,0.5918720375746489
53,0.5918640387803316
54,0.5918572317063808
55,0.5918511099368334
56,0.5918462473154068
57,0.5918421737104654
58,0.5918387959897519
59,0.5918360263854265
60,0.5918337731808424
61,0.5918316499888897
62,0.5918302452564239
63,0.5918291892111301
64,0.5918284273892641
65,0.5918279182165861
66,0.5918276226520538
67,0.5918271735310554
68,0.5918272229284048
69,0.5918274024128913
70,0.5918276906758547
71,0.5918280675262213
72,0.5918285202234983
73,0.5918286998569965
74,0.5918292547017336
75,0.59182985432446
76,0.5918304728716612
77,0.591831114962697
78,0.5918317693471908
79,0.5918320809304715
80,0.5918327438831329
81,0.5918333970755338
82,0.591834045574069
83,0.5918346815556288
84,0.591835305839777
85,0.5918355899304152
86,0.5918361838907004
87,0.5918367635458708
88,0.5918373142927885
89,0.5918378532677889
90,0.5918383671343327
91,0.5918385297060013
92,0.591839005574584
93,0.5918394561856986
94,0.5918398914486169
95,0.5918403003364802
96,0.5918406980112195
97,0.5918407338485122
98,0.5918410840630531
99,0.5918414192274213
100,0.5918417342752218
101,0.5918420306965708
102,0.5918423153087496
103,0.5918422382324934
104,0.5918424811586738
105,0.59184271723032
106,0.5918429325148463
107,0.5918431361019612
108,0.5918433264642954
109,0.5918431697413326
110,0.5918433370813727
111,0.5918434911966324
112,0.5918436249345541
113,0.5918437553197146
114,0.5918438785150647
115,0.5918436455354095
116,0.5918437484279275
117,0.5918438442796469
118,0.591843924894929
119,0.5918440023064613
120,0.5918440708145499
121,0.5918438011035323
122,0.5918438569456339
123,0.5918439075350761
124,0.5918439495936036
125,0.5918439894169569
126,0.5918440224230289
127,0.5918437168374657
128,0.5918437381833792
129,0.591843756698072
130,0.5918437710404396
131,0.5918437847867608
132,0.5918437994644046
133,0.5918434673920274
134,0.5918434630706906
135,0.5918434669077396
136,0.5918434665724636
137,0.5918434576690197
138,0.5918434520065784
139,0.5918431097641588
140,0.5918430959805846
141,0.5918430871888996
142,0.591843073964119
143,0.5918430567160249
144,0.5918430398777127
145,0.5918426843732596
146,0.5918426652625203
147,0.5918426490947604
148,0.5918426264822483
149,0.5918426056951285
150,0.5918425838649273
151,0.5918422236666083
152,0.5918421993404627
153,0.5918421780318022
154,0.5918421515822411
155,0.5918421309068799
156,0.5918421079218388
157,0.5918417473137378
158,0.5918417202681303
159,0.591841696202755
160,0.5918416713178157
161,0.5918416485190392
162,0.5918416234478354
163,0.5918412667885423
164,0.5918412439525127
165,0.591841216608882
166,0.5918411933630705
167,0.5918411719799042
168,0.5918411498889327
169,0.591840782687068
170,0.5918407578393817
171,0.5918407367542386
172,0.5918407130986452
173,0.5918406938761472
174,0.5918406690657139
175,0.5918403194844722
176,0.5918402983248234
177,0.5918402763083577
178,0.5918402596190572
179,0.5918402346968651
180,0.5918402149155736
181,0.5918398561328649
182,0.591839838847518
183,0.5918398176878691
184,0.5918398037180305
185,0.591839780472219
186,0.5918397640436888
187,0.5918394115194678
188,0.5918393912911415
189,0.5918393789976836
190,0.5918393599241972
191,0.5918393451720476
192,0.5918393304944038
193,0.5918389803171158
194,0.5918389642238617
195,0.5918389497324824
196,0.5918389349058271
197,0.5918389265984296
198,0.5918389054387808
199,0.5918385575339198
200,0.5918385448306799
201,0.5918385336175561
202,0.5918385230004788
203,0.5918385099619627
204,0.5918384957686067
205,0.5918381510302424
206,0.5918381407111883
207,0.5918381272628903
208,0.5918381194025278
209,0.5918381079658865
210,0.5918380959704518
211,0.591837749555707
212,0.5918377422913909
213,0.59183773458004
214,0.5918377223238349
215,0.5918377126380802
216,0.5918377064913511
217,0.5918373646959663
218,0.5918373513594269
219,0.5918373446911573
220,0.591837339028716
221,0.591837328337133
222,0.5918373246490956
223,0.5918369857594371
224,0.5918369806930422
225,0.5918369710445404
226,0.5918369655683636
227,0.5918369580060243
228,0.591836952008307
229,0.5918366061151028
230,0.5918366016075015
231,0.5918365939334035
232,0.591836586035788
233,0.591836586073041
234,0.5918365762382746
235,0.5918362414091826
236,0.5918362376093864
237,0.5918362337350845
238,0.5918362262099981
239,0.5918362258002162
240,0.5918362187221646
1,1.109749004840851
2,1.0168611720949412
3,0.9459962485730649
4,0.8877527067810297
5,0.8407978735119105
6,0.8034313783794641
7,0.7738677883148193
8,0.7504553350806237
9,0.7317863023281097
10,0.7167275267839431
11,0.7044042116403579
12,0.6951187625527382
13,0.6887410613894462
14,0.6835776542127132
15,0.6793470618128776
16,0.6758452972769737
17,0.6729189971089363
18,0.6704519276320934
19,0.6683551570773125
20,0.6665601897239685
21,0.6650135339796543
22,0.6636731217056513
23,0.6625054914504289
24,0.6614838150888681
1,0.49982592292129996
2,0.46399900265038013
3,0.4416287764906883
4,0.4241306716948748
5,0.4079351080954075
6,0.3926535971462727
7,0.3781455822661519
8,0.36430920138955114
9,0.35105943588539956
10,0.33832578748464587
11,0.3260459589213133
12,0.3181423104181886
13,0.31455059358384463
14,0.31127109124325214
15,0.30826912380754945
16,0.3055143189197406
17,0.30298015361186115
18,0.300643446277827
19,0.29848398657515646
20,0.29648361206520346
21,0.29462674020789564
22,0.29289948345627637
23,0.291289567577187
24,0.2897861149581149
25,0.28837963070487604
26,0.28706120676361024
27,0.28582335251616314
28,0.2846592029277235
29,0.2835626241401769
30,0.28252809793455524
31,0.28155082660261543
32,0.2806260246294551
33,0.2797498149983585
34,0.27891853974433617
35,0.2781288784230128
36,0.2773778070625849
37,0.2766627381229773
38,0.2759808537992649
39,0.2753300446062349
40,0.27470819152425974
41,0.274113386629615
42,0.273543871329166
43,0.27299817457795145
44,0.2724745000177063
45,0.27197163996170276
46,0.2714883249544073
47,0.2710233863384929
48,0.2705757428542711
49,0.27014454757096246
50,0.2697285650577396
51,0.26932709840708413
52,0.2689393517910503
53,0.26856457406771367
54,0.26820208139019086
55,0.26785137728671543
56,0.2675115619960707
57,0.26718223514501005
58,0.26686287874705156
59,0.26655299398349597
60,0.2662521272955928
61,0.26596001214231363
62,0.26567593134823253
63,0.26539967410964893
64,0.2651308819785481
65,0.26486922935466284
66,0.2646143929671962
67,0.2643662512482842
68,0.2641242074134061
69,0.26388816540129484
70,0.26365787187300155
71,0.26343309407588095
72,0.26321361990878356
73,0.26299939220538365
74,0.2627899032121059
75,0.26258512658416294
76,0.2623848946910584
77,0.262189019320067
78,0.2619973605754785
79,0.2618099118152168
80,0.2616262275649933
81,0.2614463245030493
82,0.2612700694653904
83,0.261097341432469
84,0.26092802462400866
85,0.2607621540216496
86,0.2605993198725628
87,0.2604395782778738
88,0.26028282280778514
89,0.2601289670765982
90,0.25997792028065303
91,0.2598297439457383
92,0.2596840558818076
93,0.2595409275245038
94,0.2594002869183896
95,0.2592620599843212
96,0.2591261772043072
97,0.2589927315196837
98,0.25886133299936775
99,0.25873209902551025
100,0.25860494747932533
101,0.2584798389667412
102,0.2583567146127461
103,0.2582356736206566
104,0.2581163470665342
105,0.25799885618587726
106,0.2578831485492992
107,0.25776917924464215
108,0.25765689797583036
109,0.257546429077629
110,0.25743740836303913
111,0.257329960843781
112,0.2572240474828868
113,0.257119626046333
114,0.25701667119719784
115,0.2569152932756697
116,0.256815150048933
117,0.256716370874492
118,0.25661892037314826
119,0.256522766611597
120,0.2564278813065903
121,0.25633439888886644
122,0.25624196482560363
123,0.2561507206517854
124,0.25606064327803324
125,0.2559716965381813
126,0.2558838624377677
127,0.25579728171127497
128,0.25571159447790703
129,0.2556269580248045
130,0.2555433437677857
131,0.2554607298501651
132,0.25537909984763246
133,0.2552985852719576
134,0.2552188428957015
135,0.25514003508753375
136,0.25506212863649125
137,0.25498510815756165
138,0.25490896044415423
139,0.2548338176649122
140,0.25475935003472844
141,0.25468570670767804
142,0.25461287191646986
143,0.2545408201561077
144,0.25446954810235184
145,0.25439919791038845
146,0.25432942726285546
147,0.2542603905609576
148,0.25419208088642337
149,0.2541244723457203
150,0.25405756026535525
151,0.25399149484030203
152,0.25392592645512196
153,0.2538610279928253
154,0.25379677060322137
155,0.2537331496828119
156,0.2536701521185751
157,0.25360793289903083
158,0.2535461490502348
159,0.2534849651083641
160,0.25342436417995484
161,0.2533643399454013
162,0.25330487390761847
163,0.2532461259559932
164,0.25318776244079344
165,0.2531299376983952
166,0.2530726405161113
167,0.2530158645749907
168,0.2529596054365538
169,0.25290400496131044
170,0.2528487328939082
171,0.25279395445970293
172,0.25273965628846784
173,0.25268583590179333
174,0.2526324769431085
175,0.2525797433045227
176,0.25252728835628657
177,0.2524752883192559
178,0.25242371994056156
179,0.25237258046683564
180,0.25232187704124953
181,0.2522717536657001
182,0.2522218670447182
183,0.2521723947714781
184,0.2521233226433833
185,0.2520746463807882
186,0.2520263620635524
187,0.25197861477936384
188,0.2519310878463875
189,0.2518839347513858
190,0.2518371472237777
191,0.25179072326573076
192,0.25174465343945485
193,0.2516991062348825
194,0.251653731215556
195,0.2516087097545096
196,0.2515640196047025
197,0.25151966176039425
198,0.25147563495731445
199,0.2514320984283404
200,0.2513887109516509
201,0.2513456399417919
202,0.2513028833057615
203,0.25126043269323417
204,0.25121828575851396
205,0.25117660405128844
206,0.2511350423384283
207,0.25109377800406946
208,0.2510528036917094
209,0.2510121146378515
210,0.2509716991502501
211,0.25093173028712046
212,0.25089186168435845
213,0.25085226906478053
214,0.25081293954281136
215,0.25077387288692987
216,0.25073506535904017
217,0.2506966825223935
218,0.25065837884387293
219,0.2506203325006209
220,0.25058252637274564
221,0.2505449692149705
222,0.250507644751051
223,0.2504707335442072
224,0.25043387878198703
225,0.2503972626813629
226,0.25036087406871954
227,0.2503247159354214
228,0.2502887778344302
229,0.25025322935129224
230,0.25021772432010037
231,0.25018244230290293
232,0.25014737095465533
233,0.2501125078449695
234,0.25007785467023497
235,0.2500435747634037
236,0.250009327011503
237,0.2499752847009222
238,0.24994144165772014
239,0.24990779621897674
240,0.24987434196009417
