1,85.13580009460449
2,77.19234130859375
3,68.34545131683349
4,59.49856243133545
5,50.65167175292969
6,41.8046170425415
7,32.95734701156616
8,24.11018840789795
9,15.263071556091308
10,6.415968799591065
11,0.24274997317173985
12,0.0237142745158053
13,0.02379965009284206
14,0.023785048352146988
15,0.023771829550969414
16,0.02375861557753524
17,0.023745408951945136
18,0.02373220506153302
19,0.02381794685323257
20,0.023803419074974953
21,0.023790274360508193
22,0.0237771353466087
23,0.023764001591771375
24,0.023750873388489708
25,0.023836977850878613
26,0.023822511776234023
27,0.023809429317479952
28,0.023796350677730515
29,0.02378327624115627
30,0.023770208071218803
31,0.023856684166239574
32,0.02384229731920641
33,0.023829293492017314
34,0.023816294942516834
35,0.023803299283608793
36,0.02379030815733131
37,0.023877155983936974
38,0.023862836642656475
39,0.02384989972691983
40,0.023836969533585942
41,0.023824043065542356
42,0.023811120771570132
43,0.023898334219120444
44,0.02388407934398856
45,0.023871208783239128
46,0.02385834313405212
47,0.023845482785254717
48,0.02383262630784884
49,0.02392021094856318
50,0.023906020726426506
51,0.023893216787837446
52,0.02388041779049672
53,0.023867623428814114
54,0.023854833973455242
55,0.023942788147833197
56,0.0239286679768702
57,0.02391593441134319
58,0.02390320650942158
59,0.02389048164652195
60,0.023877763320924714
61,0.02396609711868223
62,0.023952050752122887
63,0.02393938755209092
64,0.023926730840466915
65,0.02391407848743256
66,0.02390142871183343
67,0.023990135740605184
68,0.02397615542053245
69,0.02396355984150432
70,0.02395096830674447
71,0.0239383823616663
72,0.02392580018087756
73,0.02401488055475056
74,0.02400096206692979
75,0.0239884295623051
76,0.023975901431986132
77,0.02396337911952287
78,0.023950863050995395
79,0.024040320282801987
80,0.024026472644181923
81,0.024014008291997017
82,0.024001548223313875
83,0.023989094203570857
84,0.023976645182119682
85,0.024066483112983407
86,0.02405270102317445
87,0.024040303787915038
88,0.024027910572476684
89,0.024015520449611357
90,0.024003135879756884
91,0.024093357041710988
92,0.024079656431567856
93,0.024067339882603848
94,0.024055026842979714
95,0.024042716607218607
96,0.02403041194949765
97,0.024121016632416285
98,0.024107379270135426
99,0.024095128567132633
100,0.0240828825646895
101,0.024070639764540828
102,0.02405839977116557
103,0.024149384793126956
104,0.02413581238593906
105,0.024123624786152504
106,0.02411144613928627
107,0.024099272775347343
108,0.024087102710618636
109,0.02417847345059272
110,0.024164974613813683
111,0.024152857959852555
112,0.0241407452855492
113,0.02412863830162678
114,0.024116536290384828
115,0.02420829140872229
116,0.024194854868692346
117,0.024182802144787276
118,0.024170752699137665
119,0.024158707509050147
120,0.024146667169989085
121,0.024238807897199878
122,0.024225445335614496
123,0.024213468562229536
124,0.024201494056615046
125,0.02418952411855571
126,0.024177557942457496
127,0.024270087056211195
128,0.024256794590037316
129,0.024244885232765228
130,0.024232980675296858
131,0.024221079758135602
132,0.024209182892227545
133,0.024302097022300587
134,0.024288864228292368
135,0.024277019038563594
136,0.024265176931512544
137,0.024253338974085638
138,0.0242415046680253
139,0.02433480892679654
140,0.024321651365607978
141,0.024309877453488296
142,0.024298108506482095
143,0.024286342405248434
144,0.02427458059566561
145,0.024368272514548154
146,0.024355177668621764
147,0.024343465554411522
148,0.02433175579411909
149,0.024320050356327557
150,0.024308350175269878
151,0.024402429165202192
152,0.024389402482192964
153,0.024377757588517852
154,0.024366117209428922
155,0.024354481328628025
156,0.024342849853564986
157,0.024437325454782693
158,0.02442436858487781
159,0.024412792017683385
160,0.024401219737483187
161,0.02438965190493036
162,0.024378085718490185
163,0.024472948056645693
164,0.02446005758421961
165,0.024448551571695135
166,0.024437049694242888
167,0.024425551515305413
168,0.024414056158275344
169,0.024509314086753876
170,0.024496493557817304
171,0.024485054709366523
172,0.0244736210728297
173,0.024462190415943042
174,0.024450764365610667
175,0.02454641892691143
176,0.024533664547489023
177,0.02452229113841895
178,0.02451092084287666
179,0.024499553507776
180,0.024488191379932685
181,0.024584240547264925
182,0.024571565081132576
183,0.024560268025961705
184,0.02454897447489202
185,0.02453768551524263
186,0.024526400904869662
187,0.024622853294131344
188,0.024610249107936397
189,0.024599023691262118
190,0.024587802441674286
191,0.024576583500020205
192,0.0245653680030955
193,0.024662216510623693
194,0.02464967836800497
195,0.02463852094602771
196,0.024627368290093727
197,0.024616220314055682
198,0.024605074974824673
199,0.024702319013886153
200,0.024689845188404433
201,0.024678750847815536
202,0.024667660302948206
203,0.024656573724350893
204,0.024645490017719568
205,0.024743131813593208
206,0.024730735829798504
207,0.02471971663122531
208,0.024708699533948674
209,0.024697688038577324
210,0.02468668030924164
211,0.024784723366610705
212,0.024772391923470423
213,0.02476143711654004
214,0.02475048551452346
215,0.0247395375627093
216,0.024728593464242294
217,0.02482703480811324
218,0.02481477546331007
219,0.024803891769843177
220,0.024793012605514378
221,0.024782136320718563
222,0.024771263864822687
223,0.024870104582514613
224,0.024857912066509016
225,0.02484709603304509
226,0.02483628263522405
227,0.02482547438587062
228,0.024814669514307754
229,0.024913906254805624
230,0.024901771788718177
231,0.02489101129176561
232,0.024880255783791654
233,0.02486950428050477
234,0.024858755508321336
235,0.024958386341459117
236,0.02494632146845106
237,0.02493563113908749
238,0.024924944656086155
239,0.024914263308164663
240,0.024903584312996826
1,30.724459915161134
2,23.500772190093993
3,15.930186529159545
4,8.359599590301514
5,1.3830735915857804
6,0.0029968872496829134
1,13.870421705245972
2,8.805314383506776
3,3.5797832763195037
4,0.5294692399844644
5,0.5082653003689483
6,0.5070275254952139
1,33.62199031829834
2,31.419972705841065
3,28.869692554473875
4,26.319412002563478
5,23.769042911529542
6,21.218614177703856
1,31.398528881073
2,30.30799098968506
3,28.896584396362304
4,27.48689435958862
5,26.077936973571777
6,24.671681060791016
7,23.268149337768556
8,21.86643056869507
9,20.468247985839845
10,19.073163833618164
11,17.68043420791626
12,16.292873201370238
13,14.908033246994018
14,13.526259841918945
15,12.14754334449768
16,10.772317543029786
17,9.398153524398804
18,8.0247292137146
19,6.651714835166931
20,5.279881138801574
21,3.909162628650665
22,2.539444091320038
23,1.1697314155101777
24,0.08570549332886003
25,-0.0004964123238460161
26,-0.0004975016732350923
27,-0.0004976231878390535
28,-0.0004977447021519765
29,-0.0004978662048233673
30,-0.0004979876981815323
31,-0.0008332766575040296
32,-0.0008343664038693532
33,-0.0008344883593963459
34,-0.0008346102695213631
35,-0.0008347321796463803
36,-0.0008348541014129296
37,-0.0011701454457943327
38,-0.001171235584479291
39,-0.0011713579334900715
40,-0.0011714801911148242
41,-0.001171602570975665
42,-0.001171724846935831
43,-0.0015070188330719248
44,-0.0015081093920161948
45,-0.0015082321764202788
46,-0.0015083549229893834
47,-0.00150847768120002
48,-0.0015086004580371082
49,-0.0018438966770190745
50,-0.0018449873139616102
51,-0.0018451102392282336
52,-0.0018452330090804026
53,-0.0018453559390036389
54,-0.0018454787082737311
55,-0.002180777610046789
56,-0.002181868742336519
57,-0.0021819921082351355
58,-0.0021821154339704664
59,-0.0021822386718122287
60,-0.002182362006860785
61,-0.0025176633964292703
62,-0.0025187549716793
63,-0.002518878837581724
64,-0.0025190025469055397
65,-0.0025191263790475204
66,-0.0025192501657875254
67,-0.002854554593213834
68,-0.0028556462906999514
69,-0.0028557702369289475
70,-0.0028558941214578224
71,-0.0028560181084321813
72,-0.0028561419557081536
73,-0.0031914487935137004
74,-0.0031925412843702363
75,-0.003192666011163965
76,-0.0031927907321369275
77,-0.003192915347171947
78,-0.003193039853940718
79,-0.0035283502750098703
80,-0.0035294430347858
81,-0.0035295680409763008
82,-0.0035296930157346653
83,-0.003529818042879924
84,-0.003529942982713692
85,-0.003865255906712264
86,-0.0038663489249302074
87,-0.0038664741959655658
88,-0.0038665993994800372
89,-0.0038667246018303557
90,-0.0038668497797334565
91,-0.004202166193863377
92,-0.004203259922796861
93,-0.00420338588708546
94,-0.004203511881059967
95,-0.004203637845348567
96,-0.004203763781115413
97,-0.004539083425770514
98,-0.004540177591261454
99,-0.004540304015972651
100,-0.004540430444176308
101,-0.004540556799038313
102,-0.004540683120139875
103,-0.0048760062747169285
104,-0.004877100647427142
105,-0.004877227263059467
106,-0.004877353855408728
107,-0.004877480423310772
108,-0.004877607139060274
109,-0.0052129337028600274
110,-0.005214028708869591
111,-0.005214155943831429
112,-0.005214283229433931
113,-0.005214410407352261
114,-0.00521453762834426
115,-0.005549867480294779
116,-0.005550963052082807
117,-0.005551090923836455
118,-0.005551218843320385
119,-0.005551346658030525
120,-0.005551474572857842
121,-0.005886808182112873
122,-0.005887904096161947
123,-0.0058880322251934555
124,-0.0058881603518966584
125,-0.005888288583373651
126,-0.005888416682137176
127,-0.006223753391532227
128,-0.006224849964492023
129,-0.006224978729151189
130,-0.006225107609061524
131,-0.006225236294558272
132,-0.006225365091231652
133,-0.006560705899028107
134,-0.0065618031984195115
135,-0.006561932747717947
136,-0.006562062203302048
137,-0.00656219168624375
138,-0.006562321133096702
139,-0.006897666183649562
140,-0.006898763756616973
141,-0.006898893598117866
142,-0.006899023313890211
143,-0.006899153100675903
144,-0.006899282922386191
145,-0.0072346320905489845
146,-0.007235730677493848
147,-0.007235861373483203
148,-0.007235992181231268
149,-0.0072361228434601795
150,-0.007236253500450402
151,-0.007571606742567382
152,-0.0075727059523342174
153,-0.0075728371553123
154,-0.007572968283202499
155,-0.007573099578730762
156,-0.007573230881243944
157,-0.007908588341088034
158,-0.007909687769715673
159,-0.007909819351625628
160,-0.007909951016190462
161,-0.007910082484013401
162,-0.00791021402401384
163,-0.008245575351756997
164,-0.008246675822301769
165,-0.008246808526455424
166,-0.00824694118637126
167,-0.008247073946404272
168,-0.008247206556843594
169,-0.008582573174498976
170,-0.00858367416425608
171,-0.008583807363756933
172,-0.008583940595271997
173,-0.008584073866950348
174,-0.008584207134554163
175,-0.00891957720508799
176,-0.00892067900276743
177,-0.008920812944415957
178,-0.008920946742291562
179,-0.008921080571017228
180,-0.00892121449287515
181,-0.009256589826545678
182,-0.009257692203391343
183,-0.009257827009423635
184,-0.009257961560506374
185,-0.0092580964328954
186,-0.009258230967679993
187,-0.009593610750744119
188,-0.009594714263803325
189,-0.009594849877757952
190,-0.009594985320582054
191,-0.009595120943849907
192,-0.009595256564207375
193,-0.009930641359533183
194,-0.009931745416251943
195,-0.009931881140801124
196,-0.009932017136015929
197,-0.00993215273716487
198,-0.00993228847917635
199,-0.010267677495721727
200,-0.010268782061175444
201,-0.01026891870133113
202,-0.010269055367680267
203,-0.01026919205498416
204,-0.01026932870503515
205,-0.010604723177966662
206,-0.010605828537372873
207,-0.010605966090224683
208,-0.010606103761820123
209,-0.010606241145869716
210,-0.010606378714437597
211,-0.010941778696142136
212,-0.010942884446703828
213,-0.010943022447172553
214,-0.010943160362658091
215,-0.010943298318306916
216,-0.010943436346715317
217,-0.011278840068844147
218,-0.011279947072034701
219,-0.011280086206970736
220,-0.011280225522932596
221,-0.011280364564154297
222,-0.011280503840534948
223,-0.011615913868881762
224,-0.01161702185869217
225,-0.011617161926697008
226,-0.011617302116937935
227,-0.011617442144197411
228,-0.011617582261096686
229,-0.011952997908229008
230,-0.011954106564517133
231,-0.011954247016692534
232,-0.011954387731966562
233,-0.011954528367496095
234,-0.011954669033875688
235,-0.012290090480237268
236,-0.01229120024945587
237,-0.012291342085809447
238,-0.012291483899462037
239,-0.012291625669458881
240,-0.012291767587303184
1,24.38800729751587
2,22.303385848999024
3,19.962627277374267
4,17.624451160430908
5,15.288933925628662
6,12.955522899627686
7,10.62645031929016
8,8.302681422233581
9,5.982883682250977
10,3.6656793975830078
11,1.3530417563021182
12,0.010278041959682014
13,0.0019183895329479127
14,0.0019111456473183352
15,0.001909214713377878
16,0.001907284106418956
17,0.0019053538267326075
18,0.0019034238960011862
19,0.0018607176974182948
20,0.0018534915171039756
21,0.0018515780827146955
22,0.0018496646454150322
23,0.0018477514642290772
24,0.001845838387234835
1,82.51087272644043
2,75.45196449279786
3,67.51131576538086
4,59.57066772460937
5,51.63001979827881
6,43.68940967559814
7,35.74889003753662
8,27.80844955444336
9,19.868014135360717
10,11.929460172653199
11,3.992579868659377
12,0.0332032067066757
13,0.033324105558858716
14,0.03329311585053801
15,0.033267341554892485
16,0.033241582174086945
17,0.033215839397453234
18,0.03319011450963444
19,0.033311958413978576
20,0.033281183508515826
21,0.033255624935554805
22,0.03323008175095311
23,0.03320456188142998
24,0.033179053312342145
25,0.03330183772195596
26,0.03327127192984335
27,0.033245921353809535
28,0.033220588993281126
29,0.03319527063547866
30,0.033169966917485
31,0.03329368448117748
32,0.03326333302393323
33,0.03323820329096634
34,0.03321308491169475
35,0.033187977069464976
36,0.03316288775473367
37,0.03328753938607406
38,0.033257400700822476
39,0.03323248028929811
40,0.03320757236564532
41,0.03318267537688371
42,0.03315779346972704
43,0.03328337624610867
44,0.03325344329583459
45,0.033228725635563026
46,0.033204019237309694
47,0.03317932470003143
48,0.03315464456041809
49,0.033281142591149546
50,0.03325141184090171
51,0.03322689441789407
52,0.03320239002467133
53,0.03317789926717524
54,0.03315342185611371
55,0.033280849090660924
56,0.03325133109930903
57,0.03322702701669186
58,0.033202735641389154
59,0.033178455306915565
60,0.03315419040445704
61,0.033282546721748074
62,0.03325323911732994
63,0.03322914939490147
64,0.033205069988034665
65,0.033181005192454906
66,0.033156957279425116
67,0.03328892975114286
68,0.03326296452316455
69,0.03324220960843377
70,0.03322146346385125
71,0.03320072857371997
72,0.03318000518076587
73,0.033313259410788304
74,0.0332874760782579
75,0.03326690533722285
76,0.03324634456424974
77,0.033225795868784186
78,0.03320525567163713
79,0.03333933980378788
80,0.033313721703598274
81,0.03329331294517033
82,0.033272915573325006
83,0.033252528776065444
84,0.03323215197771787
85,0.03336705549969338
86,0.033341614500968716
87,0.033321386144380086
88,0.03330116869183257
89,0.03328096458746586
90,0.03326077216246631
91,0.03339649970876053
92,0.033371235217782666
93,0.03335118341550697
94,0.03333114219887648
95,0.03331111469655298
96,0.033291097711771724
97,0.03342765541106928
98,0.03340257070085499
99,0.033382699108915406
100,0.03336283732031006
101,0.03334298672329169
102,0.033323147678165695
103,0.033460523600224404
104,0.03343561557820067
105,0.033415919493418184
106,0.03339623409265187
107,0.03337656132120173
108,0.03335689741885289
109,0.03349508801358752
110,0.03347034681763034
111,0.03345081694133114
112,0.033431297679198904
113,0.03341179277689662
114,0.03339229481120128
115,0.03353129743831232
116,0.03350672530708834
117,0.0334873671043897
118,0.03346802016778384
119,0.03344868392101489
120,0.03342935819237027
121,0.0335691689531086
122,0.03354476923763286
123,0.033525582046131604
124,0.03350640674936585
125,0.033487242826377044
126,0.03346809152397327
127,0.03360870741016697
128,0.033584466820466334
129,0.03356543569243513
130,0.03354641971120145
131,0.03352741316077299
132,0.033508419878780844
133,0.03364983893057797
134,0.03362577775900718
135,0.03360692465037573
136,0.0335880851111142
137,0.03356925529136788
138,0.033550437685335055
139,0.033692654639016835
140,0.03366875153500587
141,0.033650056299520656
142,0.03363137149368413
143,0.03361269768560305
144,0.03359403423033655
145,0.03373705225647427
146,0.03371333186514676
147,0.033694822640391066
148,0.033676322108367455
149,0.033657828508294185
150,0.03363934342691209
151,0.033783153176191266
152,0.03375959625816904
153,0.03374125204340089
154,0.03372291906387545
155,0.033704594441805964
156,0.03368627952761017
157,0.033830877116997726
158,0.033807474290952086
159,0.033789284543017856
160,0.033771105256164446
161,0.0337529359938344
162,0.03373477835208177
163,0.033880158378742635
164,0.033856915983487855
165,0.03383888262440451
166,0.03382086315948982
167,0.03380285258870572
168,0.033784851579112
169,0.033931008616928014
170,0.03390792720660102
171,0.03389005314442329
172,0.03387218936521094
173,0.03385433757444844
174,0.03383649263822008
175,0.03398342674365267
176,0.033960509164608084
177,0.03394280131382402
178,0.033925103774527086
179,0.03390741477778647
180,0.03388973402383272
181,0.03403744509618264
182,0.03401468575699255
183,0.033997138832346535
184,0.03397960302769207
185,0.03396207437675912
186,0.033944553738692776
187,0.03409302990767173
188,0.034070419889176265
189,0.034053023450542244
190,0.03403563712374307
191,0.034018259989097716
192,0.03400089048664086
193,0.034150137378601356
194,0.034127690093009734
195,0.034110449496656654
196,0.03409322397201322
197,0.03407600553240627
198,0.03405879308702424
199,0.03420880230027251
200,0.034186508456477895
201,0.0341694267175626
202,0.03415235855383798
203,0.034135304052615535
204,0.034118257025256754
205,0.03426903291372582
206,0.03424689736159053
207,0.03422997120535001
208,0.034213057275046595
209,0.03419615249324124
210,0.034179256170755255
211,0.034330787601065824
212,0.03430879868974444
213,0.03429201886698138
214,0.0342752501234645
215,0.034258492934168314
216,0.0342417449929053
217,0.03439403007098008
218,0.03437219963700045
219,0.03435557679913472
220,0.03433896400150843
221,0.03432235968532041
222,0.034305765834869814
223,0.03445879432489164
224,0.03443711237399839
225,0.03442063862457871
226,0.03440417351899669
227,0.034387718338985
228,0.0343712703208439
229,0.03452504810760729
230,0.03450352583487984
231,0.03448721310182009
232,0.034470906701753845
233,0.0344546097429702
234,0.034438318419852294
235,0.03459284256736282
236,0.03457390712515917
237,0.03456096294044983
238,0.0345480265567312
239,0.03453509794024285
240,0.03452217700832989
