1,0.489617611277675
2,0.3516972272686135
3,0.3394812366174669
4,0.3307005729074989
5,0.3226729932059961
6,0.3151669713214279
7,0.3081283396435004
8,0.30152496319266403
9,0.29532941926597644
10,0.2895162727279182
11,0.2840615729865533
12,0.2789427542292031
13,0.2741386023693082
14,0.26962922335947687
15,0.2653960015136944
16,0.2614215470161214
17,0.2576896338756959
18,0.2541851301982762
19,0.25089392299949703
20,0.24780283999464717
21,0.24489957085566885
22,0.24217259031286653
23,0.23961108521681976
24,0.23720488729529776
25,0.2349444128783471
26,0.2328206103626281
27,0.23082491568384345
28,0.228949215601463
29,0.2271858182048705
30,0.22552742974807607
31,0.22396713672408022
32,0.22249839200134047
33,0.22111500385447613
34,0.21981112681204487
35,0.21858125339350729
36,0.21742020599144354
37,0.21632312835117745
38,0.21528547628951744
39,0.2143030074636178
40,0.21337177014155562
41,0.21248809103450658
42,0.21164856232660928
43,0.21085002808569053
44,0.21008957026058941
45,0.20936449447409244
46,0.20867231580971018
47,0.20801074477040754
48,0.2073776735619166
49,0.20677116282551514
50,0.20618942891748215
51,0.2056308318063851
52,0.20509386363591323
53,0.2045771379806353
54,0.20407937980499152
55,0.20359941612195093
56,0.2031361673368358
57,0.20268863925352507
58,0.20225591571423443
59,0.20183715183997697
60,0.20143156783629365
61,0.2010384433275918
62,0.20065711218317708
63,0.20028695779856903
64,0.19992740879674936
65,0.1995779351154685
66,0.19923804444845947
67,0.19890727901030925
68,0.19858521259672524
69,0.19827144791392862
70,0.19796561415289055
71,0.19766736478604877
72,0.197376375565974
73,0.1970923427072086
74,0.19681498123412808
75,0.19654402347920696
76,0.1962792177174853
77,0.19602032692434027
78,0.19576712764486415
79,0.19551940896425857
80,0.1952769715696457
81,0.1950396268946312
82,0.19480719633876767
83,0.19457951055483896
84,0.19435640879755836
85,0.19413773832790426
86,0.1939233538678703
87,0.19371311710091849
88,0.1935068962138806
89,0.1933045654764653
90,0.19310600485490323
91,0.19291109965659803
92,0.19271974020295224
93,0.1925318215278158
94,0.1923472430992435
95,0.19216590856247845
96,0.19198772550227097
97,0.19181260522282909
98,0.19164046254385483
99,0.19147121561126842
100,0.19130478572135828
101,0.19114109715720706
102,0.19098007703635766
103,0.19082165516877678
104,0.19066576392426193
105,0.19051233810851864
106,0.1903613148472007
107,0.19021263347727757
108,0.19006623544514614
109,0.18992206421095845
110,0.1897800651586853
111,0.1896401855114751
112,0.18950237425191163
113,0.1893665820468059
114,0.1892327611761871
115,0.18910086546619315
116,0.18897085022558116
117,0.18884267218560336
118,0.18871628944301821
119,0.18859166140602246
120,0.18846874874290873
121,0.1883475133332708
122,0.18822791822158938
123,0.1881099275730498
124,0.18799350663144956
125,0.18787862167907016
126,0.18776523999838987
127,0.18765332983553457
128,0.18754286036535844
129,0.18743380165806678
130,0.18732612464728896
131,0.18721980109952646
132,0.18711480358489513
133,0.18701110544909783
134,0.18690868078655828
135,0.1868075044146593
136,0.18670755184902532
137,0.18660879927980228
138,0.18651122354887825
139,0.18641480212800635
140,0.18631951309778116
141,0.18622533512743114
142,0.1861322474553882
143,0.1860402298705992
144,0.18594926269454412
145,0.18585932676393147
146,0.18577040341403936
147,0.18568247446267455
148,0.18559552219472367
149,0.18550952934726817
150,0.18542447909524454
151,0.18534035503762103
152,0.18525714118407433
153,0.18517482194214277
154,0.18509338210483772
155,0.1850128068386944
156,0.18493308167224576
157,0.18485419248490018
158,0.18477612549621003
159,0.1846988672555131
160,0.18462240463193477
161,0.1845467248047352
162,0.18447181525398954
163,0.18439766375158773
164,0.18432425835254268
165,0.18425158738659364
166,0.18417963945009586
167,0.18410840339818388
168,0.18403786833719957
169,0.18396802361737458
170,0.18389885882575796
171,0.18383036377938072
172,0.1837625285186466
173,0.18369534330094317
174,0.18362879859446476
175,0.18356288507223806
176,0.1834975936063447
177,0.18343291526233396
178,0.1833688412938168
179,0.1833053631372369
180,0.18324247240681157
181,0.18318016088963676
182,0.1831184205409493
183,0.18305724347954236
184,0.1829966219833281
185,0.18293654848504207
186,0.18287701556808547
187,0.18281801596249725
188,0.18275954254105783
189,0.18270158831551211
190,0.1826441464329145
191,0.18258721017208632
192,0.1825307729401866
193,0.1824748282693871
194,0.18241936981365403
195,0.18236439134562676
196,0.18230988675359414
197,0.18225585003856437
198,0.18220227531142452
199,0.18214915679018645
200,0.18209648879731727
201,0.18204426575715124
202,0.1819924821933791
203,0.18194113272661436
204,0.18189021207203118
205,0.18183971503707513
206,0.18178963651924004
207,0.1817399715039132
208,0.18169071506228232
209,0.18164186234930635
210,0.1815934086017435
211,0.18154534913624024
212,0.1814976793474724
213,0.18145039470634403
214,0.18140349075823547
215,0.18135696312130303
216,0.18131080748482872
217,0.18126501960761449
218,0.1812195953164253
219,0.18117453050447374
220,0.181129821129949
221,0.1810854632145871
222,0.1810414528422802
223,0.1809977861577262
224,0.18095445936511445
225,0.1809114687268486
226,0.18086881056230436
227,0.18082648124662165
228,0.1807844772095288
229,0.18074279493419998
230,0.18070143095614216
231,0.18066038186211317
232,0.18061964428906804
233,0.18057921492313375
234,0.18053909049861094
235,0.18049926779700232
236,0.1804597436460663
237,0.18042051491889513
238,0.18038157853301778
239,0.18034293144952596
240,0.1803045706722213
1,0.6270746848073382
2,0.4314603051307514
3,0.4223027545295946
4,0.415034510543605
5,0.40872943310394727
6,0.40322285782103245
1,0.6939993966099063
2,0.6577709079297253
3,0.6372251622724912
4,0.6205841456281863
5,0.6070281500091556
6,0.5959168619251102
1,0.8588218969427684
2,0.7922399542481138
3,0.7590025412000477
4,0.7320481752758503
5,0.7103091986417184
6,0.6927163030195813
1,1.0279753140510843
2,0.8143714528682101
3,0.7644478704027261
4,0.7259308649667829
5,0.6964682473420558
6,0.6740207685445769
7,0.656902368650904
8,0.6437876983561861
9,0.6336696861575642
10,0.625798256754476
11,0.6196199363551811
12,0.614727064392652
13,0.6108184551478171
14,0.6076702427283541
15,0.6051147514088614
16,0.603025325743807
17,0.6013054571433885
18,0.5998809666075805
19,0.5986943526353523
20,0.5977006753241183
21,0.5968645354773383
22,0.5961578392948689
23,0.5955581308441676
24,0.5950473381204663
25,0.5946108227782088
26,0.594236654586587
27,0.59391505346584
28,0.5936379574216614
29,0.593398685740738
30,0.5931916747620594
31,0.5930122693063488
32,0.5928565570604125
33,0.5927212363149011
34,0.5926035097523845
35,0.5925009986972253
36,0.592411673525823
37,0.5923337969079486
38,0.5922658772883898
39,0.5922066305822923
40,0.5921549484908971
41,0.5921098721788539
42,0.5920705703138363
43,0.5920363206714737
44,0.5920064946670908
45,0.5919805443003827
46,0.591957991097694
47,0.591938416714738
48,0.591921454924909
49,0.5919067847682197
50,0.5918941246759691
51,0.5918832274185774
52,0.5918738757502325
53,0.5918658786452778
54,0.5918590680386763
55,0.5918532959971197
56,0.591848432259091
57,0.591844362091857
58,0.5918409844213773
59,0.5918382101977983
60,0.5918359609647593
61,0.591834167605379
62,0.5918327692417286
63,0.5918317122678727
64,0.59183094949935
65,0.5918304394243328
66,0.5918301455437086
67,0.5918300357890339
68,0.5918300820087784
69,0.5918302595145364
70,0.5918305466799434
71,0.5918309245859806
72,0.5918313767071374
73,0.5918318886336029
74,0.5918324478252478
75,0.5918330433936868
76,0.5918336659091561
77,0.5918343072293437
78,0.5918349603476436
79,0.5918356192586153
80,0.5918362788386817
81,0.5918369347403412
82,0.591837583298362
83,0.5918382214466071
84,0.591838846644294
85,0.5918394568106341
86,0.5918400502669097
87,0.5918406256851602
88,0.5918411820427394
89,0.5918417185820921
90,0.5918422347751666
91,0.5918427302919479
92,0.5918432049726574
93,0.5918436588032073
94,0.5918440918935476
95,0.5918445044585906
96,0.5918448968014165
97,0.5918452692985138
98,0.5918456223868206
99,0.5918459565523744
100,0.5918462723203759
101,0.5918465702465254
102,0.5918468509094691
103,0.5918471149042456
104,0.5918473628366104
105,0.591847595318137
106,0.5918478129620087
107,0.5918480163794232
108,0.5918482061765278
109,0.5918483829518374
110,0.5918485472940658
111,0.5918486997803253
112,0.5918488409746563
113,0.5918489714268267
114,0.5918490916713979
115,0.591849202226992
116,0.5918493035957567
117,0.5918493962629929
118,0.5918494806969208
119,0.5918495573485772
120,0.5918496266518091
121,0.5918496890233625
122,0.5918497448630494
123,0.5918497945539738
124,0.5918498384628208
125,0.5918498769401799
126,0.5918499103209155
127,0.5918499389245604
128,0.5918499630557357
129,0.5918499830045876
130,0.591849999047238
131,0.5918500114462433
132,0.5918500204510595
133,0.5918500262985085
134,0.5918500292132459
135,0.5918500294082226
136,0.5918500270851468
137,0.591850022434934
138,0.5918500156381538
139,0.5918500068654649
140,0.5918499962780431
141,0.5918499840279964
142,0.5918499702587688
143,0.5918499551055337
144,0.5918499386955761
145,0.5918499211486615
146,0.59184990257739
147,0.5918498830875439
148,0.5918498627784163
149,0.591849841743134
150,0.5918498200689623
151,0.5918497978375992
152,0.5918497751254651
153,0.5918497520039662
154,0.5918497285397614
155,0.5918497047950094
156,0.5918496808276078
157,0.5918496566914215
158,0.591849632436501
159,0.5918496081092902
160,0.5918495837528254
161,0.5918495594069259
162,0.591849535108372
163,0.591849510891081
164,0.5918494867862681
165,0.5918494628226039
166,0.5918494390263621
167,0.5918494154215614
168,0.5918493920300992
169,0.5918493688718772
170,0.5918493459649264
171,0.591849323325519
172,0.5918493009682763
173,0.5918492789062753
174,0.5918492571511434
175,0.5918492357131531
176,0.5918492146013087
177,0.5918491938234307
178,0.5918491733862317
179,0.5918491532953944
180,0.5918491335556404
181,0.5918491141707941
182,0.5918490951438493
183,0.5918490764770273
184,0.5918490581718318
185,0.5918490402291015
186,0.5918490226490624
187,0.5918490054313716
188,0.5918489885751641
189,0.5918489720790913
190,0.591848955941363
191,0.5918489401597842
192,0.5918489247317865
193,0.5918489096544645
194,0.5918488949246042
195,0.5918488805387119
196,0.5918488664930426
197,0.5918488527836214
198,0.5918488394062722
199,0.5918488263566364
200,0.5918488136301943
201,0.5918488012222844
202,0.5918487891281228
203,0.591848777342817
204,0.5918487658613857
205,0.5918487546787697
206,0.5918487437898481
207,0.5918487331894489
208,0.5918487228723626
209,0.591848712833353
210,0.5918487030671653
211,0.5918486935685373
212,0.5918486843322074
213,0.591848675352924
214,0.5918486666254493
215,0.5918486581445704
216,0.5918486499051023
217,0.5918486419018957
218,0.5918486341298388
219,0.5918486265838676
220,0.5918486192589643
221,0.5918486121501647
222,0.5918486052525617
223,0.5918485985613049
224,0.5918485920716093
225,0.5918485857787527
226,0.5918485796780792
227,0.5918485737650022
228,0.591848568035007
229,0.5918485624836476
230,0.5918485571065538
231,0.5918485518994272
232,0.5918485468580458
233,0.5918485419782623
234,0.5918485372560061
235,0.5918485326872808
236,0.5918485282681696
237,0.591848523994829
238,0.5918485198634932
239,0.5918485158704735
240,0.5918485120121549
1,1.0853609918133975
2,0.9945577881587027
3,0.9260336192691306
4,0.8701282579072722
5,0.8255089421648053
6,0.7904758544973141
7,0.7632413344716595
8,0.7421526523686439
9,0.7258034203082344
10,0.7130618503859856
11,0.7030511744271719
12,0.6951084949427542
13,0.6887391485109121
14,0.6835757457981386
15,0.6793451555459074
16,0.6758433944786869
17,0.6729170963913149
18,0.6704500253055731
19,0.6683533062025033
20,0.6665583466893448
21,0.665011693072098
22,0.663671275464116
23,0.6625036522271475
24,0.6614819758859569
1,0.41731504670112474
2,0.38854703652409706
3,0.3741174578070626
4,0.364559999083033
5,0.3563050860654052
6,0.34896418532166235
7,0.34239669225007785
8,0.33650075016843073
9,0.3311914223009489
10,0.3263963268302325
11,0.3220533800383234
12,0.3181091041787012
13,0.3145172723038721
14,0.3112378044611288
15,0.3082358586164706
16,0.30548107461332596
17,0.30294694006135936
18,0.30061025477033937
19,0.2984506759275005
20,0.2964503302384658
21,0.29459348216066156
22,0.29286624948830015
23,0.29125635913820613
24,0.28975293720140877
25,0.28834632827863405
26,0.28702793988350755
27,0.28579010832524065
28,0.2846259830060934
29,0.2835294265106544
30,0.2824949282397734
31,0.2815175296633126
32,0.28059275954146484
33,0.27971657770104125
34,0.2788853261564423
35,0.2780956865396356
36,0.2773446429533221
37,0.27662944948996876
38,0.2759476017694515
39,0.2752968119422332
40,0.27467498668548596
41,0.27408020778829173
42,0.27351071498066776
43,0.2729648907111023
44,0.27244124661981206
45,0.2719384114911063
46,0.27145512049901355
47,0.2709902055864779
48,0.27054258684066623
49,0.2701112647458369
50,0.26969531321129264
51,0.26929387328563875
52,0.2689061474802281
53,0.26853139463463277
54,0.2681689252654902
55,0.26781809734736517
56,0.26747831248052206
57,0.26714901240588584
58,0.26682967583212336
59,0.26651981554378973
60,0.26621897576297704
61,0.2659267297399429
62,0.26564267755084775
63,0.26536644408305343
64,0.26509767719047855
65,0.2648360460033078
66,0.26458123937793687
67,0.2643329644744534
68,0.264090945450198
69,0.263854922259067
70,0.2636246495472164
71,0.26339989563671634
72,0.26318044158949333
73,0.2629660803446324
74,0.26275661592273347
75,0.2625518626916112
76,0.26235164468813815
77,0.2621557949915174
78,0.261964155143675
79,0.2617765746128672
80,0.26159291029693466
81,0.261413026062956
82,0.26123679232033337
83,0.2610640856246093
84,0.2608947883095463
85,0.2607287881452103
86,0.2605659780199991
87,0.2604062556447331
88,0.26024952327707995
89,0.26009568746473777
90,0.25994465880593287
91,0.25979635172590443
92,0.2596506842681667
93,0.25950757789943213
94,0.2593669573271772
95,0.25922875032890996
96,0.2590928875922833
97,0.2589593025652549
98,0.2588279313155746
99,0.2586987123989235
100,0.25857158673509045
101,0.2584464974916201
102,0.2583233899744081
103,0.25820221152475853
104,0.25808291142246564
105,0.25796544079450195
106,0.257849752528939
107,0.2577358011937472
108,0.25762354296015166
109,0.2575129355302458
110,0.2574039380685827
111,0.2572965111374894
112,0.25719061663586473
113,0.2570862177412414
114,0.2569832788549046
115,0.25688176554987974
116,0.2567816445216117
117,0.25668288354117125
118,0.2565854514108339
119,0.2564893179218925
120,0.2563944538145695
121,0.25630083073990406
122,0.25620842122350157
123,0.2561171986310351
124,0.2560271371354032
125,0.25593821168544456
126,0.2558503979761275
127,0.2557636724201277
128,0.2556780121207229
129,0.2555933948459267
130,0.2555097990038003
131,0.2554272036188742
132,0.2553455883096257
133,0.2552649332669501
134,0.2551852192335813
135,0.2551064274844083
136,0.2550285398076407
137,0.25495153848678337
138,0.2548754062833776
139,0.2548001264204707
140,0.2547256825667776
141,0.2546520588215013
142,0.25457923969977936
143,0.25450721011872607
144,0.25443595538404273
145,0.2543654611771671
146,0.25429571354293773
147,0.2542266988777515
148,0.254158403918185
149,0.2540908157300644
150,0.2540239216979608
151,0.25395770951509244
152,0.2538921671736126
153,0.25382728295527235
154,0.25376304542243167
155,0.2536994434094145
156,0.25363646601418394
157,0.2535741025903266
158,0.25351234273933676
159,0.25345117630317826
160,0.25339059335712216
161,0.25333058420284116
162,0.2532711393617534
163,0.25321224956860533
164,0.2531539057652818
165,0.25309609909483444
166,0.25303882089572094
167,0.25298206269624535
168,0.25292581620919
169,0.25287007332663447
170,0.2528148261149507
171,0.25276006680996865
172,0.25270578781230774
173,0.2526519816828636
174,0.25259864113844516
175,0.25254575904755994
176,0.25249332842633665
177,0.25244134243458205
178,0.2523897943719673
179,0.25233867767433965
180,0.2522879859101494
181,0.252237712776997
182,0.25218785209828626
183,0.25213839781998637
184,0.252089344007495
185,0.25204068484260145
186,0.2519924146205427
187,0.2519445277471529
188,0.2518970187360997
189,0.2518498822062062
190,0.25180311287885426
191,0.25175670557546714
192,0.25171065521506797
193,0.2516649568119121
194,0.2516196054731894
195,0.25157459639679514
196,0.25152992486916803
197,0.25148558626318973
198,0.25144157603614725
199,0.251397889727754
200,0.25135452295822874
201,0.25131147142642907
202,0.2512687309080388
203,0.251226297253807
204,0.2511841663878357
205,0.25114233430591837
206,0.25110079707392197
207,0.2510595508262161
208,0.25101859176414565
209,0.25097791615454385
210,0.25093752032828787
211,0.25089740067889343
212,0.2508575536611466
213,0.2508179757897744
214,0.25077866363814855
215,0.25073961383702625
216,0.2507008230733232
217,0.2506622880889193
218,0.2506240056794956
219,0.25058597269340216
220,0.25054818603055456
221,0.25051064264136036
222,0.2504733395256716
223,0.2504362737317647
224,0.2503994423553481
225,0.2503628425385921
226,0.2503264714691851
227,0.2502903263794135
228,0.2502544045452641
229,0.25021870328554896
230,0.25018321996105153
231,0.25014795197369516
232,0.25011289676573045
233,0.2500780518189436
234,0.25004341465388175
235,0.25000898282910133
236,0.24997475394042992
237,0.24994072562024786
238,0.24990689553678805
239,0.24987326139344945
240,0.24983982092813
