1,107.43690911393612
2,0.47864114883045356
3,14.678669217924277
4,14.688116226991017
5,28.983473183314004
6,28.964238271713256
7,43.2823028643926
8,43.302329003016155
9,57.66588757514953
10,57.679857873916625
11,72.00537222226461
12,72.00228645642598
13,86.30153430302938
14,86.31656193415324
15,100.64142280578614
16,100.63263405799866
17,114.94954677899679
18,114.90466029485067
19,129.24815612157187
20,129.17695848464965
21,143.50882762273153
22,143.49970222473144
23,157.77136655807496
24,157.76008117039999
25,172.1333381652832
26,172.09596746444703
27,186.39323286056518
28,186.33720628738402
29,200.6684128634135
30,200.67389354070028
31,214.96134051640828
32,215.00708784103392
33,229.30922386169433
34,229.33753828684488
35,243.6512804921468
36,243.7029000981649
37,258.01869043986005
38,257.98948683420815
39,272.42561962127684
40,272.3815004857381
