1,1.9068845792363087
2,0.40124264856179553
3,0.30610866175343593
4,0.2701213594029347
5,0.24479620500467716
6,0.22504157471470534
7,0.21071420287713408
8,0.19842890493882198
9,0.18975105106830598
10,0.18040817660279573
11,0.17544407439418136
12,0.17317904344759882
13,0.16579779231144737
14,0.1601408757424603
15,0.15375084907282144
16,0.15350353070534767
17,0.15288811886993547
18,0.14899134493122498
19,0.14549223510548473
20,0.14452002719199905
21,0.142870966490979
22,0.13668555736076088
23,0.13518526092171668
24,0.1337752001096184
25,0.13436837562359868
26,0.13207208508470406
27,0.13558422489091754
28,0.1277261689398438
29,0.12512673509307207
30,0.1236940824566409
31,0.1270725354552269
32,0.12220422787902256
33,0.12845892124033223
34,0.13088134068374832
35,0.13380015681342533
36,0.12185200837130349
37,0.12517046803918977
38,0.1252064598351717
39,0.12133119794229666
40,0.1215040259808302
