1,1.8961408784985543
2,0.4011947840700547
3,0.3046407950607439
4,0.2686525478772819
5,0.24189785744063555
6,0.22214515102716784
7,0.20638597275751333
8,0.19409867192308108
9,0.18398446267005056
10,0.1746401909304162
11,0.16824353747535498
12,0.16597881484311075
13,0.15716763940639794
14,0.15150921975417683
15,0.14368670696237434
16,0.14344026766872656
17,0.14139316439628602
18,0.1375008791638538
19,0.13256741991499438
20,0.1316023316172262
21,0.12852008420353134
22,0.12233558751953146
23,0.11940812453472366
24,0.11799919236451388
25,0.11715504246414639
26,0.11486248873950293
27,0.1169449022024249
28,0.10909244903518509
29,0.1050598943249012
30,0.10362669367032747
31,0.10557640181776758
32,0.10070351975038648
33,0.10552799907435352
34,0.10794758743334872
35,0.10943502921339435
36,0.09748171879677102
37,0.09936859996484904
38,0.099407512008911
39,0.09408863668330014
40,0.0942658766650129
