1,12.464923350702596
2,-0.004893957392655588
3,-0.011400648742874948
4,-0.018529151671368028
5,-0.027018844378823095
6,-0.0330877301936177
7,-0.041020504751606665
8,-0.04782733527436795
9,-0.05702882808351254
10,-0.0643909595589157
11,-0.07297721426662813
12,-0.07954833912573954
13,-0.08549396832245205
14,-0.09301804144638394
15,-0.10028275550196797
16,-0.10879670509665319
17,-0.11759778872485561
18,-0.12434873069186919
19,-0.13286637298769935
20,-0.13969560816769855
21,-0.14730180385683117
22,-0.15404563921350287
23,-0.16244460311557712
24,-0.17087400422727697
25,-0.18004262364037707
26,-0.1872875349439138
27,-0.19543661097942414
28,-0.20352718034238193
29,-0.20678165357852518
30,-0.21755562637757753
31,-0.2248794157200732
32,-0.23490031009497142
33,-0.24313328630144626
34,-0.2507201357230801
35,-0.25612754431656665
36,-0.2657869566406812
37,-0.27359825800711796
38,-0.28087888039484393
39,-0.291218715074019
40,-0.297852734630121
41,-0.30771584437011074
42,-0.31441426718379173
43,-0.321485363707032
44,-0.3154161670905363
45,-0.3361346001497745
