0,0.10787851363420486
1,0.14001831710338591
2,0.10576465491737638
3,0.119085778934615
4,0.18420635291508267
5,0.13234890465225493
6,0.2204823008605412
7,0.17673382716519492
8,0.21809524382863726
9,0.2147039145231247
10,0.22117979569094523
11,0.19595238353524888
12,0.2268895047051566
13,0.21690018815653664
14,0.21143925743443626
15,0.2039728364774159
16,0.22313492596149445
17,0.24263889023235866
18,0.2441529367651258
19,0.22394994284425462
20,0.2354624603475843
21,0.2010409095457622
22,0.22423382571765355
23,0.22907662263938358
24,0.2153708849634443
25,0.21719628061567034
26,0.2236675888299942
27,0.2366498819419316
