1,32.101900787353514
2,29.478368911743164
3,26.5117400932312
4,23.545116195678713
5,20.578493728637696
6,17.611872358322145
1,38.39468914031983
2,31.055791454315184
3,23.291826457977294
4,15.530337648391724
5,7.771157629489899
6,0.9782314732859959
1,9.696114306449891
2,2.292158508026041
3,0.03945829035830684
4,0.039426664939383044
5,0.03939505082642427
6,0.039363458009029274
1,62.212728614807126
2,56.12191600799561
3,49.37013088226318
4,42.61834499359131
5,35.86733654022217
6,29.11781566619873
7,22.372438888549805
8,15.633438482284546
9,8.898250846862792
10,2.2752989883197006
11,0.015611274448019685
12,0.015605913598556072
13,0.015748713595821754
14,0.015738565952633506
15,0.015733271017088556
16,0.015727977135829862
17,0.015722683668136596
18,0.015717391346843215
19,0.015860638845624636
20,0.015850565480359364
21,0.0158453444809129
22,0.015840125110116787
23,0.01583490830802475
24,0.015829691731050845
25,0.015973384363460356
26,0.015963385218055917
27,0.015958238430321216
28,0.015953092732524966
29,0.015947947504755575
30,0.015942803888756317
31,0.016086933331389445
32,0.016077001810772346
33,0.016071923252602573
34,0.016066846296889706
35,0.01606176983768819
36,0.016056695331353694
37,0.016201260966772678
38,0.016191400347161107
39,0.016186393359676005
40,0.016181386754324192
41,0.016176381197583398
42,0.016171376314014198
43,0.01631637253507506
44,0.016306580841483082
45,0.01630164173315279
46,0.01629670396563597
47,0.01629176658432698
48,0.016286831737379544
49,0.016432256833068096
50,0.01642253504716791
51,0.01641766592452768
52,0.01641279754170682
53,0.016407932185102253
54,0.016403067643404937
55,0.016548915557796137
56,0.01653926112689078
57,0.016534458401729353
58,0.016529656979837454
59,0.016524856952019037
60,0.016520058155292644
61,0.016666326241684147
62,0.016656739504542203
63,0.016652004391653465
64,0.01664727000752464
65,0.01664253660303075
66,0.01663780477072578
67,0.016784491221769712
68,0.016774974752333947
69,0.0167703113501193
70,0.01676564922730904
71,0.01676098789612297
72,0.016756327202310784
73,0.016903429952799344
74,0.01689398049551528
75,0.016889383173547684
76,0.016884786612936294
77,0.016880191051168367
78,0.016875595926539973
79,0.01702310552704148
80,0.017013721783296205
81,0.017009192362893374
82,0.0170046632894082
83,0.017000134676345625
84,0.01699560908600688
85,0.01714352245966438
86,0.017134202023153192
87,0.017129734272602944
88,0.01712526644463651
89,0.017120799736003393
90,0.0171163336612517
91,0.017264644741080703
92,0.017255385650205426
93,0.01725097877555527
94,0.017246573506854476
95,0.01724216875678394
96,0.017237766706966796
97,0.017386475711246022
98,0.017377281558001414
99,0.017372940470231697
100,0.017368600274203345
101,0.01736426132847555
102,0.017359922782634384
103,0.01750902252679225
104,0.01749988993338775
105,0.017495608591707422
106,0.017491329081822188
107,0.017487050494528377
108,0.017482772677321918
109,0.01763226478418801
110,0.017623197414213792
111,0.01761898281169124
112,0.01761476850078907
113,0.017610555065912196
114,0.01760634300298989
115,0.017756221588351762
116,0.01774721731839236
117,0.017743064669775776
118,0.01773891275341157
119,0.01773476177244447
120,0.017730612886953167
121,0.01788087052293122
122,0.017871924242354
123,0.01786783083516639
124,0.0178637380793225
125,0.017859646454453468
126,0.017855556204449386
127,0.018006191683234647
128,0.01799730533210095
129,0.017993270530714655
130,0.017989237011643126
131,0.017985204076394437
132,0.01798117196012754
133,0.018132181658875198
134,0.018123355494462885
135,0.018119381383876317
136,0.018115409340825863
137,0.018111437801853755
138,0.018107466827495956
139,0.01825884379213676
140,0.018250074485549703
141,0.018246157537796535
142,0.0182422413257882
143,0.018238325369311498
144,0.018234410443692468
145,0.018386152690509333
146,0.01837744139134884
147,0.018373583098873495
148,0.018369724909425712
149,0.0183658674149774
150,0.018362013028818184
151,0.018514119691681118
152,0.018505468851071783
153,0.018501668786047958
154,0.018497869197744876
155,0.018494070001179353
156,0.018490272521739827
157,0.018642734239110722
158,0.018634136235923505
159,0.018630389773170462
160,0.018626644276082516
161,0.018622900295304133
162,0.018619156801723876
163,0.01877197595895268
164,0.018763439670437948
165,0.01875975596951321
166,0.018756072662072257
167,0.018752389595028944
168,0.018748708202620038
169,0.018901874179719017
170,0.018893390008597636
171,0.018889757996657864
172,0.01888612613780424
173,0.0188824946526438
174,0.018878864358994177
175,0.01903237701393664
176,0.019023949017282576
177,0.019020372855011375
178,0.019016797879012302
179,0.019013223210931754
180,0.019009649683721364
181,0.019163507557241246
182,0.01915513578511309
183,0.019151614586589857
184,0.019148093939875252
185,0.019144573700032197
186,0.019141054304200225
187,0.019295251108706
188,0.019286935697309673
189,0.01928347251203377
190,0.019280010716756807
191,0.019276549012865872
192,0.01927308800863102
193,0.019427615378517657
194,0.01941934806003701
195,0.019415932860574685
196,0.019412517703603954
197,0.019409103764919566
198,0.01940569001249969
199,0.01956054798909463
200,0.019552333519677632
201,0.019548970012692735
202,0.019545607170439325
203,0.019542243789765053
204,0.019538882839260623
205,0.019694066782831213
206,0.019685904772486537
207,0.019682595491758548
208,0.01967928742407821
209,0.019675980120664464
210,0.019672672881279142
211,0.019828179710311814
212,0.019820067822583953
213,0.019816807646420784
214,0.01981354824092705
215,0.01981028891459573
216,0.019807029996300116
217,0.019962852122844196
218,0.01995478900091257
219,0.019951578238978983
220,0.01994836904341355
221,0.019945158608607017
222,0.019941948851919734
223,0.020098083358025178
224,0.020090067860437558
225,0.02008690545510035
226,0.020083744434523397
227,0.020080583051312714
228,0.020077422710601242
229,0.020233867425122298
230,0.02022589965548832
231,0.020222783308126963
232,0.020219667911878788
233,0.020216552219935693
234,0.020213437401107513
235,0.020370188378146848
236,0.020362270163022913
237,0.02035920291498769
238,0.020356136580812745
239,0.020353071304270998
240,0.020350006471853702
