1,0.8787760800868273
2,0.8282383549213409
3,0.7926214483380317
4,0.7636129646003247
5,0.7398267071694136
6,0.7201468596607447
1,0.45761601701378823
2,0.4034371142461896
3,0.39005069421604277
4,0.37618903754279015
5,0.3628184625506401
6,0.35093439131975174
1,0.493078868961893
2,0.46260419696045574
3,0.4343636312661692
4,0.410258438224555
5,0.3884969055088004
6,0.3689928777777823
1,1.229923210442066
2,0.595429008975625
3,0.5750325743481517
4,0.5564860329031944
5,0.5393831122666597
6,0.5235559505596757
7,0.5088533012196421
8,0.49513735523447394
9,0.4822798267751932
10,0.470277547063306
11,0.4632834269292653
12,0.4591081740520895
13,0.4554178309254348
14,0.45214777247048915
15,0.4492426769481972
16,0.44665484488010404
17,0.4443432747153565
18,0.4422727657435462
19,0.44041323660407217
20,0.43873839097097517
21,0.4372260279068723
22,0.4358568539330736
23,0.43461421543732287
24,0.43348370105493816
25,0.43245295498520137
26,0.43151079983450474
27,0.4306479166494682
28,0.42985602090368047
29,0.4291278414614499
30,0.4284570026560687
31,0.4278380371420644
32,0.4272656676569022
33,0.42673566804965957
34,0.4262441217992455
35,0.42578755971742793
36,0.4253628820832819
37,0.4249674776988104
38,0.424598546535708
39,0.42425402604276313
40,0.4239319023792632
41,0.42363036622758954
42,0.42334778120741245
43,0.4230828169710003
44,0.4228338188282214
45,0.42259973459644246
46,0.42237943831598385
47,0.42217192382551727
48,0.4219762494508177
49,0.42179174471879377
50,0.4216173103847541
51,0.4214523859624751
52,0.4212963382271118
53,0.42114853936247526
54,0.4210084518440999
55,0.42087571033509447
56,0.4207495409133844
57,0.4206296678353101
58,0.42051566743990404
59,0.42040719484677536
60,0.42030388568528
61,0.42020556807052345
62,0.42011165314237586
63,0.4200220118218567
64,0.4199363791255746
65,0.41985452971770426
66,0.41977623008890075
67,0.4197014247206971
68,0.41962961422861556
69,0.41956077791634017
70,0.41949474036344325
71,0.41943134359782563
72,0.41937043963815085
73,0.4193120564427227
74,0.4192557256214786
75,0.41920151371508835
76,0.41914928843616506
77,0.4190989512030501
78,0.4190503838169388
79,0.41900367811205796
80,0.41895840671961193
81,0.4189146531186998
82,0.4188723452668637
83,0.41883140311110767
84,0.41879175875103103
85,0.41875349772861226
86,0.4187162528489716
87,0.41868012118153275
88,0.41864504270488395
89,0.4186109864606988
90,0.4185778759338427
91,0.4185458341462072
92,0.4185144973278511
93,0.41848399659385904
94,0.4184542871895246
95,0.41842532318318265
96,0.41839707985636776
97,0.41836967105511574
98,0.4183427677396685
99,0.4183164802077226
100,0.4182907975767739
101,0.4182656818989199
102,0.41824111181893386
103,0.4182172125868965
104,0.41819365734350866
105,0.4181705816532485
106,0.41814795666607096
107,0.4181257764657494
108,0.4181040093186311
109,0.41808279769611545
110,0.41806181679363363
111,0.41804120860411786
112,0.4180209478503093
113,0.4180010218464304
114,0.41798142994521187
115,0.4179623038729187
116,0.41794332015910185
117,0.41792462522978896
118,0.41790620830492115
119,0.4178880600014236
120,0.41787016025395135
121,0.4178526631044224
122,0.41783524535247124
123,0.4178180672321469
124,0.4178010965976864
125,0.41778434471809306
126,0.4177677916153334
127,0.4177515881729778
128,0.41773541346075943
129,0.41771943359752184
130,0.41770362425013446
131,0.4176879734720569
132,0.4176724984613247
133,0.41765733556821943
134,0.417642162097618
135,0.4176271375711076
136,0.4176122566580307
137,0.41759751463425343
138,0.41758290148689414
139,0.41756857437430883
140,0.41755420713219793
141,0.4175399664870929
142,0.4175258386216592
143,0.4175118180376012
144,0.41749791565118355
145,0.4174842738395091
146,0.4174705628247466
147,0.4174569570692256
148,0.4174434538162313
149,0.4174300399504136
150,0.41741670721326957
151,0.41740362479933535
152,0.41739046207396313
153,0.4173773889639415
154,0.4173643874400295
155,0.41735146356746555
156,0.41733861914370207
157,0.41732600078335963
158,0.4173132852418348
159,0.41730064897681585
160,0.4172880784154404
161,0.41727556340163574
162,0.41726312094018797
163,0.4172508890496101
164,0.4172385587333702
165,0.41722629077150486
166,0.41721407530712895
167,0.4172019138839096
168,0.4171898095216602
169,0.4171779012214392
170,0.41716589163406753
171,0.41715393448714166
172,0.41714201851165855
173,0.417130152269965
174,0.4171183303999715
175,0.41710670927655885
176,0.4170949704851955
177,0.4170832732145209
178,0.41707161942496895
179,0.4170600043341983
180,0.4170484295010101
181,0.41703705001738856
182,0.4170255418762099
183,0.41701407871791163
184,0.4170026503270492
185,0.4169912498991471
186,0.4169798852724489
187,0.4169687034492381
188,0.4169574059220031
189,0.41694613369647415
190,0.4169348911184352
191,0.41692368502845056
192,0.4169125105231069
193,0.41690150985494256
194,0.4168903869425412
195,0.41687928842147814
196,0.4168682265793905
197,0.4168571773986332
198,0.4168461573915556
199,0.4168353291519452
200,0.41682436142815277
201,0.4168134098907467
202,0.41680249306373296
203,0.41679159791674464
204,0.4167807255941443
205,0.41677002868498675
206,0.416759199895896
207,0.4167483882117085
208,0.41673760260804554
209,0.41672684005228805
210,0.41671608889941125
211,0.41670552631258034
212,0.4166948151914403
213,0.416684131444199
214,0.4166734601499047
215,0.4166628055763431
216,0.41665218049893155
217,0.41664173046825453
218,0.4166311267367564
219,0.41662055311491714
220,0.4166099948110059
221,0.4165994557738304
222,0.416588925907854
223,0.4165785801119637
224,0.41656807815656066
225,0.4165576053189579
226,0.41654714883421545
227,0.4165367035823874
228,0.4165262713644188
229,0.4165160196798388
230,0.4165056149533484
231,0.4164952277089469
232,0.41648486158344894
233,0.41647450605407355
234,0.41646417199634017
235,0.4164539976930246
236,0.4164436837879475
237,0.41643338691093956
238,0.4164231052238028
239,0.41641282504657284
240,0.4164025717088953
