1,0.846674178129485
2,0.7987599885713201
3,0.7661097160765149
4,0.7400678460712145
5,0.719248214843909
6,0.7025349863638616
1,0.41922132299404447
2,0.3723813173832105
3,0.36675886724357815
4,0.3606587014938602
5,0.3550473083188697
6,0.3499561628833486
1,0.4833827537244714
2,0.4603120312857837
3,0.43432416838155036
4,0.41021901162463165
5,0.388457505519926
6,0.36895351400662085
1,1.1677104655059138
2,0.5393070896127172
3,0.5256624432720834
4,0.5138676899989663
5,0.5035157731554039
6,0.49443813059039937
7,0.48648086198411195
8,0.4795039145714137
9,0.4733815699139109
10,0.4680022484355208
11,0.4632678124101479
12,0.4590925641865877
13,0.4554020877120813
14,0.4521320383747725
15,0.44922695226908294
16,0.4466391202678431
17,0.4443275532596793
18,0.4422570512089127
19,0.4403973791802271
20,0.4387225471959711
21,0.4372101869653331
22,0.43584101647889534
23,0.43459838266060735
24,0.4334678722902458
25,0.43243698193609753
26,0.43149483844205483
27,0.43063196243926727
28,0.42984006829839383
29,0.4291118948426704
30,0.4284410619706769
31,0.427821949075807
32,0.42724959179365646
33,0.42671959416268335
34,0.4262280537550317
35,0.4257714977325912
36,0.4253468281177004
37,0.42495127484759343
38,0.4245823554150357
39,0.42423784009201443
40,0.42391572189522464
41,0.42361419058685146
42,0.42333161011641146
43,0.4230664990029991
44,0.4228175132353739
45,0.42258343133261517
46,0.4223631412626737
47,0.42215562896196657
48,0.42195996823758625
49,0.4217753118660487
50,0.4216008837297485
51,0.42143597185527726
52,0.4212799222372085
53,0.4211321333474187
54,0.4209920512439812
55,0.4208591652055405
56,0.420733003827191
57,0.4206131315224953
58,0.42049914538365357
59,0.4203906723581278
60,0.42028736670544314
61,0.420188907702521
62,0.42009499756989627
63,0.4200053595946184
64,0.4199197364286021
65,0.4198378885437755
66,0.4197595928275916
67,0.41968464130441496
68,0.41961283996997517
69,0.41954400772754424
70,0.41947797541577914
71,0.4194145849192906
72,0.4193536883539813
73,0.4192951473200551
74,0.4192388322163638
75,0.41918462161041836
76,0.4191324016589854
77,0.41908206557470895
78,0.41903351313465953
79,0.41898665022712167
80,0.41894138843329215
81,0.41889764464089174
82,0.41885534068697194
83,0.41881440302746564
84,0.4187747624312509
85,0.41873635369671613
86,0.41869911538898497
87,0.41866298959613746
88,0.41862792170290747
89,0.41859386018047035
90,0.4185607563910644
91,0.4185285644062827
92,0.41849724083799217
93,0.418466744680904
94,0.418437037165924
95,0.4184080816234628
96,0.4183798433559677
97,0.418352289518994
98,0.4183253890101885
99,0.418299112365609
100,0.41827343166284825
101,0.41824832043047466
102,0.41822375356334157
103,0.4181997072433448
104,0.4181761588652513
105,0.4181530869672412
106,0.4181304711658371
107,0.4181082920949186
108,0.4180865313485427
109,0.41806517142731275
110,0.4180441956880502
111,0.41802358829655595
112,0.4180033341832487
113,0.4179834190014893
114,0.4179638290884195
115,0.41794455142814313
116,0.4179255736171026
117,0.41790688383150476
118,0.4178884707966648
119,0.4178703237581471
120,0.4178524324545866
121,0.4178347870920826
122,0.4178173783200701
123,0.41780019720857303
124,0.41778323522675137
125,0.41776648422266655
126,0.4177499364041877
127,0.41773358432096475
128,0.41771742084741076
129,0.41770143916662567
130,0.41768563275520765
131,0.4176699953688977
132,0.41765452102900674
133,0.4176392040095812
134,0.4176240388252598
135,0.41760902021978347
136,0.41759414315511895
137,0.41757940280115974
138,0.417564794525971
139,0.4175503138865481
140,0.41753595662005843
141,0.417521718635537
142,0.4175075960060133
143,0.41749358496104194
144,0.4174796818796171
145,0.4174658832834445
146,0.4174521858305581
147,0.4174385863092535
148,0.4174250816323294
149,0.4174116688316131
150,0.41739834505275736
151,0.41738510755029506
152,0.4173719536829349
153,0.4173588809090853
154,0.4173458867825987
155,0.4173329689487169
156,0.41732012514021233
157,0.41730735317371603
158,0.4172946509462131
159,0.4172820164317106
160,0.4172694476780571
161,0.4172569428039119
162,0.41724449999585433
163,0.41723211750562733
164,0.41721979364750683
165,0.41720752679579015
166,0.41719531538240084
167,0.4171831578945978
168,0.4171710528727905
169,0.417158998908451
170,0.41714699464211646
171,0.41713503876148267
172,0.4171231299995784
173,0.4171112671330225
174,0.4170994489803541
175,0.4170876744004341
176,0.41707594229092065
177,0.41706425158680255
178,0.4170526012589987
179,0.4170409903130184
180,0.41702941778767344
181,0.4170178827538467
182,0.41700638431331155
183,0.41699492159760143
184,0.4169834937669211
185,0.41697210000910895
186,0.4169607395386356
187,0.4169494115956472
188,0.4169381154450445
189,0.4169268503756006
190,0.41691561569911223
191,0.41690441074958656
192,0.41689323488245733
193,0.41688208747383465
194,0.41687096791978234
195,0.4168598756356227
196,0.4168488100552703
197,0.4168377706305894
198,0.4168267568307773
199,0.416815768141769
200,0.4168048040656678
201,0.4167938641201934
202,0.4167829478381544
203,0.416772054766938
204,0.41676118446801824
205,0.41675033651648635
206,0.4167395105005929
207,0.4167287060213105
208,0.41671792269191144
209,0.41670716013756015
210,0.41669641799492096
211,0.4166856959117804
212,0.4166749935466807
213,0.4166643105685701
214,0.4166536466564616
215,0.4166430014991081
216,0.4166323747946836
217,0.41662176625048103
218,0.4166111755826178
219,0.4166006025157506
220,0.4165900467828021
221,0.4165795081246975
222,0.41656898629010786
223,0.41655848103520365
224,0.4165479921234166
225,0.41653751932521005
226,0.4165270624178558
227,0.4165166211852194
228,0.4165061954175531
229,0.41649578491129463
230,0.4164853894688735
231,0.416475008898523
232,0.4164646430141006
233,0.4164542916349093
234,0.4164439545855327
235,0.4164336316956673
236,0.4164233227999656
237,0.41641302773788236
238,0.4164027463535269
239,0.416392478495518
240,0.4163822240168475
