1,8.554061162593941
2,0.14445374786659318
3,0.15860137197240773
4,0.48705158011106436
5,0.29231239400912873
6,0.14157905677329907
7,-0.008915077170787086
8,-0.017332406038368456
9,-0.025971530442896844
10,-0.033204820383539946
11,-0.04008493276573432
12,-0.046671230983795504
13,-0.055053749400051845
14,-0.061751288541153755
15,-0.07053478447349307
16,-0.0815768682110655
17,-0.0927381531640502
18,-0.09857461514964815
19,-0.11592822002204156
20,-0.09257910025156178
21,-0.12543573692865612
22,-0.13093302518100802
23,-0.15202094402192767
24,-0.13099227007835304
25,-0.21268349418316707
26,-0.21930203966750011
27,-0.17614847546000875
28,-0.18552799511458226
29,-0.1565726000291092
30,-0.16273513117134286
31,-0.15327732259866164
32,-0.19520347869318957
33,-0.19936258245216704
34,0.12734338071311457
35,-0.21755071326383743
36,-0.22538824869369753
37,-0.2318731066075036
38,-0.23834551564485576
39,-0.2509346975912822
40,-0.26586871414705826
41,-0.27116869794297604
42,-0.2789635658567464
43,-0.2867133166441173
44,-0.2937029622766364
45,-0.29671835239933825
