1,0.4214285910129547
2,0.6765306506838117
3,0.6836735223020826
4,0.6908163726329803
5,0.7142857419592994
6,0.7244898485285896
7,0.7193878016301564
8,0.7204082161188126
9,0.74081637603896
10,0.7571428950343814
11,0.7479592327560697
12,0.7704082152673176
13,0.7693878156798226
14,0.7704081961086818
15,0.7693877986499241
16,0.7724490123135703
17,0.7734694268022265
18,0.7744898327759334
19,0.7704081961086818
20,0.774489837033408
21,0.7806122984204974
22,0.7887755717550006
23,0.782653101852962
24,0.7989796527794429
25,0.7806122984204974
26,0.7928571913923536
27,0.794898007597242
28,0.794898007597242
29,0.7908163709299905
30,0.7918367769036975
31,0.7816327043942043
32,0.796938819544656
33,0.790816387959889
34,0.7969388280596051
35,0.7846939223153251
36,0.7908163751874652
37,0.7887755504676274
38,0.8040816783905029
39,0.8020408579281398
40,0.788775554725102
41,0.7948979948248182
42,0.7979592212608883
43,0.7846939265727997
44,0.7989796357495444
45,0.7989796314920697
