1,1.0466207463294268
2,0.8961887912452221
3,0.8312012405693531
4,0.7787929303944111
5,0.7365096347033977
6,0.702248250991106
1,0.5109656362608075
2,0.3831071600690484
3,0.36154934564605357
4,0.34254718725569544
5,0.3272663929034024
6,0.3181410697847605
1,0.3968444711063057
2,0.31329134849831464
3,0.30358908858150246
4,0.2956492076162249
5,0.2882050042040646
6,0.2812294418318197
1,1.0134238279610872
2,0.9246883960068226
3,0.8716438250988722
4,0.8275574252009392
5,0.7911348360031843
6,0.7611584801971912
7,0.7364483889937401
8,0.7159576500952244
9,0.6988252852857113
10,0.6861975798010826
11,0.6769379884004593
12,0.6693192154169083
13,0.6630028839409351
14,0.6577270270884037
15,0.653287408053875
16,0.6495247773826123
17,0.6463141976296902
18,0.6435571224987506
19,0.6411751006543637
20,0.6391060115396976
21,0.6372993251681328
22,0.6357142544537783
23,0.6343175207823515
24,0.6330817810446024
25,0.6319841867685319
26,0.6310063369572163
27,0.6301322410255671
28,0.6293485797941685
29,0.6286440712958574
30,0.6280091125518084
31,0.627435271218419
32,0.6269158676266671
33,0.6264445488899946
34,0.6260160099714994
35,0.6256256072968245
36,0.6252692805975676
37,0.6249432465434075
38,0.6246448023617268
39,0.6243709866702557
40,0.6241193501651288
41,0.6238877215981483
42,0.623674181997776
43,0.6234767924249173
44,0.6232944510877132
45,0.6231255904585123
46,0.6229689747095108
47,0.6228235033154488
48,0.6226881878823042
49,0.6225619196891785
50,0.622444322258234
51,0.6223344723135233
52,0.6222317030280828
53,0.6221354213356972
54,0.62204509742558
55,0.6219600250571966
56,0.6218801857531071
57,0.6218049775063992
58,0.6217340194433928
59,0.6216669899225234
60,0.6216035808622837
61,0.6215432868152857
62,0.6214863001555204
63,0.621432167738676
64,0.62138068318367
65,0.6213316406309605
66,0.6212848720699549
67,0.6212399853765964
68,0.6211972663551569
69,0.6211563636362553
70,0.6211171518266201
71,0.6210795160382986
72,0.621043336763978
73,0.6210083161294461
74,0.620974765792489
75,0.6209424058347941
76,0.6209111541509629
77,0.6208809359371662
78,0.6208517194539308
79,0.6208232171088457
80,0.6207957603782416
81,0.6207691000401974
82,0.6207431850582361
83,0.6207179722934961
84,0.6206934125721455
85,0.6206692562997341
86,0.6206458795070648
87,0.6206230592727661
88,0.6206007385253907
89,0.6205789065361023
90,0.6205575275421142
91,0.6205363768339157
92,0.620515848994255
93,0.6204957285523415
94,0.6204759845137596
95,0.6204566033184529
96,0.6204375484585762
97,0.6204185845702886
98,0.6204001363366842
99,0.6203819777816534
100,0.6203640817850828
101,0.6203464370220899
102,0.6203290195018053
103,0.6203116255253553
104,0.620294631794095
105,0.6202778444439173
106,0.620261247381568
107,0.6202448343485594
108,0.6202285885810852
109,0.6202122993767262
110,0.620196368098259
111,0.6201806023716927
112,0.6201649657636881
113,0.6201494751870632
114,0.6201341097801923
115,0.6201186756789684
116,0.6201035434007645
117,0.6200885383784771
118,0.6200736410915851
119,0.6200588555634021
120,0.6200441709160804
121,0.6200293727219105
122,0.6200148677825927
123,0.6200004631280899
124,0.6199861370027065
125,0.619971903115511
126,0.6199577466398477
127,0.6199434685707093
128,0.6199294590950012
129,0.6199155285954475
130,0.6199016606062651
131,0.619887861981988
132,0.6198741321638227
133,0.6198602594435215
134,0.6198466460406781
135,0.6198331039771438
136,0.619819612018764
137,0.6198061800003052
138,0.6197928009927273
139,0.6197792771086097
140,0.619765994027257
141,0.6197527699545026
142,0.6197395876422525
143,0.6197264587134123
144,0.6197133717313409
145,0.619700136706233
146,0.619687134474516
147,0.6196741807460785
148,0.619661276564002
149,0.619648400247097
150,0.619635570012033
151,0.6196225855126977
152,0.6196098270639777
153,0.6195971121266485
154,0.6195844279974699
155,0.6195717819407582
156,0.6195591715723276
157,0.6195464117825031
158,0.6195338604226709
159,0.6195213525369764
160,0.619508877247572
161,0.6194964334741235
162,0.6194840219989419
163,0.6194714534282685
164,0.6194590980932116
165,0.6194467758387328
166,0.6194344855472446
167,0.6194222225621343
168,0.619409989528358
169,0.6193976019322872
170,0.6193854179605842
171,0.6193732723966241
172,0.6193611507862806
173,0.6193490491807461
174,0.6193369776383042
175,0.6193247551098466
176,0.6193127317726612
177,0.6193007484823465
178,0.6192888072505593
179,0.6192768942564726
180,0.6192650027200579
181,0.6192529626563191
182,0.619241113550961
183,0.6192292959988117
184,0.6192175045236945
185,0.6192057331278921
186,0.619193990342319
187,0.6191820815205574
188,0.6191703760623932
189,0.6191586969792843
190,0.6191470387578011
191,0.6191353996470571
192,0.6191237912327051
193,0.6191120279952884
194,0.6191004569455981
195,0.6190889076888562
196,0.6190773827955127
197,0.6190658738091588
198,0.6190544144436717
199,0.6190427991747857
200,0.6190313794091344
201,0.6190199866890908
202,0.6190086134895683
203,0.6189972649514676
204,0.6189859325811267
205,0.6189744533598422
206,0.6189631508290767
207,0.6189518804848194
208,0.618940622843802
209,0.6189293927699328
210,0.6189181724563241
211,0.6189068105444312
212,0.6188956302776932
213,0.6188844751194119
214,0.6188733367249369
215,0.6188622191920876
216,0.6188511204719543
217,0.6188398740440607
218,0.618828806988895
219,0.6188177611306309
220,0.6188067381829023
221,0.6187957273423672
222,0.6187847400084138
223,0.6187736063078045
224,0.6187626517936587
225,0.6187517156824469
226,0.6187407962605357
227,0.6187299029529094
228,0.618719021640718
229,0.6187080034986139
230,0.6186971497908235
231,0.61868632491678
232,0.6186755183711647
233,0.6186647295579314
234,0.6186539586633444
235,0.6186430302634836
236,0.6186322884634137
237,0.6186215637251735
238,0.6186108620837331
239,0.61860017567873
240,0.6185895101353526
