1,1.0047311955962839
2,0.8579964225979089
3,0.7971490048372655
4,0.7488785773315746
5,0.7107318898169852
6,0.680604599333862
1,0.4813634796629195
2,0.36128377799569067
3,0.3478437981848987
4,0.3369576786880761
5,0.3271156341285961
6,0.31813385676331674
1,0.3932361304875589
2,0.3096940010293666
3,0.3000451518552066
4,0.2921586407669793
5,0.284767773609953
6,0.2778455226481034
1,0.9866952984108407
2,0.9008400830079826
3,0.8509787163610736
4,0.8100745030389261
5,0.7768330208385926
6,0.7500376880441341
7,0.728508386186701
8,0.7111974787409445
9,0.6972281842704866
10,0.6858933355993222
11,0.6766347918102784
12,0.6690170566447733
13,0.662701978600233
14,0.6574271619194113
15,0.6529885767527907
16,0.6492269715644922
17,0.6460174263586815
18,0.6432613856470495
19,0.6408806032504777
20,0.6388125426436609
21,0.6370068784306488
22,0.6354228285977307
23,0.6340271133019486
24,0.6327923866621294
25,0.631696026383723
26,0.6307191948563503
27,0.6298461069095902
28,0.6290634555003948
29,0.6283599586140076
30,0.6277259996298722
31,0.6271533401132418
32,0.6266348890215293
33,0.6261645160921637
34,0.6257369000248983
35,0.6253474042226163
36,0.6249919744861238
37,0.6246670543003345
38,0.6243695142984934
39,0.6240965932195908
40,0.6238458482358025
41,0.623615112961772
42,0.6234024617960364
43,0.6232061795096275
44,0.6230247352048763
45,0.622856759931806
46,0.6227010273799444
47,0.6225564371675213
48,0.6224220003335361
49,0.6222968267055436
50,0.6221801138705647
51,0.6220711375210111
52,0.6219692429838664
53,0.621873837771318
54,0.6217843850157281
55,0.6217003976723637
56,0.6216214333904059
57,0.6215470899670511
58,0.6214770013115705
59,0.6214108338563133
60,0.6213482833602341
61,0.621289072057823
62,0.621232946112523
63,0.62117967333904
64,0.6211290411634963
65,0.621080854794306
66,0.6210349355800163
67,0.6209911195332773
68,0.6209492560026373
69,0.6209092064760351
70,0.6208708435017883
71,0.6208340497145253
72,0.620798716954964
73,0.6207647454737192
74,0.6207320432104058
75,0.6207005251403275
76,0.6206701126818507
77,0.6206407331583526
78,0.6206123193092838
79,0.620584808845486
80,0.6205581440444031
81,0.6205322713813168
82,0.6205071411931179
83,0.6204827073714961
84,0.6204589270827683
85,0.620435760511815
86,0.6204131706278925
87,0.6203911229702812
88,0.6203695854519521
89,0.6203485281796028
90,0.6203279232885922
91,0.6203077447914187
92,0.6202879684385547
93,0.6202685715905324
94,0.6202495331002951
95,0.6202308332049234
96,0.620212453425927
97,0.6201943764773614
98,0.6201765861811074
99,0.6201590673887116
100,0.6201418059092255
101,0.6201247884425583
102,0.6201080025178767
103,0.6200914364366397
104,0.6200750792198972
105,0.6200589205594933
106,0.6200429507728749
107,0.6200271607612101
108,0.620011541970555
109,0.6199960863558264
110,0.6199807863473682
111,0.6199656348199036
112,0.6199506250636889
113,0.6199357507577028
114,0.6199210059447173
115,0.6199063850081021
116,0.6198918826502389
117,0.6198774938724171
118,0.6198632139561125
119,0.619849038445535
120,0.6198349631313564
121,0.6198209840355381
122,0.6198070973971694
123,0.6197932996592508
124,0.6197795874563492
125,0.6197659576030682
126,0.619752407083271
127,0.6197389330400065
128,0.6197255327660874
129,0.6197122036952737
130,0.619698943394024
131,0.6196857495537698
132,0.6196726199836818
133,0.6196595526038937
134,0.6196465454391462
135,0.6196335966128361
136,0.6196207043414279
137,0.6196078669292147
138,0.6195950827634021
139,0.6195823503094906
140,0.6195696681069417
141,0.6195570347651063
142,0.6195444489593969
143,0.6195319094276929
144,0.6195194149669585
145,0.6195069644300618
146,0.6194945567227854
147,0.6194821908010057
148,0.6194698656680462
149,0.6194575803721813
150,0.6194453340042824
151,0.6194331256956052
152,0.6194209546156997
153,0.6194088199704438
154,0.619396721000185
155,0.6193846569779913
156,0.6193726272079954
157,0.6193606310238386
158,0.619348667787197
159,0.6193367368863881
160,0.6193248377350621
161,0.6193129697709552
162,0.6193011324547186
163,0.6192893252688083
164,0.6192775477164355
165,0.6192657993205725
166,0.6192540796230149
167,0.6192423881834904
168,0.6192307245788179
169,0.6192190884021074
170,0.619207479262006
171,0.61919589678198
172,0.6191843405996379
173,0.6191728103660835
174,0.6191613057453068
175,0.6191498264136034
176,0.6191383720590246
177,0.6191269423808555
178,0.6191155370891179
179,0.6191041559040995
180,0.6190927985559063
181,0.6190814647840369
182,0.6190701543369773
183,0.6190588669718163
184,0.6190476024538806
185,0.6190363605563836
186,0.6190251410600962
187,0.6190139437530294
188,0.6190027684301344
189,0.618991614893017
190,0.6189804829496611
191,0.6189693724141726
192,0.6189582831065283
193,0.6189472148523394
194,0.6189361674826269
195,0.6189251408336054
196,0.6189141347464768
197,0.6189031490672336
198,0.6188921836464736
199,0.6188812383392169
200,0.618870313004738
201,0.618859407506399
202,0.6188485217114953
203,0.618837655491104
204,0.618826808719942
205,0.6188159812762288
206,0.6188051730415525
207,0.6187943839007494
208,0.6187836137417778
209,0.6187728624556063
210,0.6187621299361029
211,0.6187514160799273
212,0.6187407207864323
213,0.6187300439575631
214,0.6187193854977664
215,0.6187087453138995
216,0.6186981233151468
217,0.6186875194129319
218,0.618676933520845
219,0.6186663655545618
220,0.6186558154317732
221,0.6186452830721145
222,0.6186347683970967
223,0.6186242713300445
224,0.6186137917960299
225,0.6186033297218166
226,0.6185928850357996
227,0.6185824576679514
228,0.6185720475497667
229,0.6185616546142135
230,0.6185512787956823
231,0.6185409200299385
232,0.6185305782540783
233,0.6185202534064819
234,0.6185099454267732
235,0.6184996542557781
236,0.6184893798354864
237,0.6184791221090111
238,0.6184688810205548
239,0.6184586565153735
240,0.6184484485397397
