1,41.88954597473145
2,38.192370567321774
3,34.05222957611084
4,29.91435091018677
5,25.777738342285158
6,21.64365209579468
1,29.602150516510008
2,21.823377552032472
3,13.705551223754883
4,5.589507130384445
5,0.1507563166267937
6,0.0072144223720533775
1,3.608337004184723
2,3.5973463535308836
3,3.5439398217201235
4,3.4905665493011475
5,3.4372262263298037
6,3.3839189171791078
1,26.72853693008423
2,23.848314266204834
3,20.665114402770996
4,17.482921686172485
5,14.30180983543396
6,11.120793867111207
7,7.9400010633468625
8,4.760168130397797
9,1.5971034052903996
10,0.30424021133163476
11,0.30319845589721806
12,0.30215866687300147
13,0.300905692162778
14,0.2998645047095488
15,0.2988306500596809
16,0.2977987235794717
17,0.2967688108998118
18,0.29574082992861805
19,0.2944994626686093
20,0.2934698994093924
21,0.2924476569532999
22,0.2914273131705704
23,0.29040887269628
24,0.2893923546196311
25,0.2881623328782734
26,0.2871442087841569
27,0.2861333225146518
28,0.2851242755129351
29,0.28411716033675477
30,0.2831118693665485
31,0.28193005633569557
32,0.2809776022733422
33,0.28003219157864806
34,0.2791068469471065
35,0.2782048495640629
36,0.27730446428759026
37,0.27619081660101075
38,0.27528829555594714
39,0.2743927782995161
40,0.27349883421396953
41,0.27260650931770214
42,0.2717157624557149
43,0.27061214054730953
44,0.2697191982272489
45,0.26883318957159646
46,0.26794873510370965
47,0.26706584038271103
48,0.2661845276727399
49,0.2650908771061222
50,0.26420749469456495
51,0.26333096289934477
52,0.26245598292254724
53,0.2615825217000383
54,0.26071061566472054
55,0.25962709355415425
56,0.25875304325731124
57,0.257885867687437
58,0.2570201342042128
59,0.2561559401448176
60,0.2552932792251522
61,0.25421961430605733
62,0.2533546906159609
63,0.25249653916835085
64,0.2516399019522942
65,0.2507847249056795
66,0.2499310404105927
67,0.24886729227757315
68,0.24801123672397807
69,0.24716201930510578
70,0.24631424990744563
71,0.24546791811531876
72,0.2446230354902218
73,0.24356910476868507
74,0.24272191348747582
75,0.24188149878551485
76,0.24104245988186448
77,0.2402049030686612
78,0.2394039778521983
79,0.23840675551240564
80,0.23761496565770357
81,0.23682983817969216
82,0.2360460448008962
83,0.23526357084774646
84,0.23448235603689682
85,0.23349428521265508
86,0.2327104543277528
87,0.2319332356308587
88,0.23115729335317156
89,0.2303826308256248
90,0.22960922744154233
91,0.2286302354867803
92,0.22787998577055987
93,0.22715673439437523
94,0.22645170560921543
95,0.22577337688184343
96,0.2250961028615711
97,0.2242143451713491
98,0.2235486248374218
99,0.22291446896328126
100,0.22228129939932842
101,0.2216490851007984
102,0.22101789787731832
103,0.22018342561204918
104,0.2195490972424159
105,0.21892101185861976
106,0.21829390641127247
107,0.21766776226228102
108,0.2170425836322829
109,0.21621556255267932
110,0.21558723433641716
111,0.21496519350039306
112,0.21434411418740637
113,0.2137239800725365
114,0.21310483222070617
115,0.21228517669253053
116,0.21166274856543169
117,0.21104659776610787
118,0.21043134900566657
119,0.20981703303346877
120,0.20920369408908301
121,0.20839141162636224
122,0.20777484278252814
123,0.2071645093365805
124,0.20655510541342664
125,0.20594662664690985
126,0.20533905493794008
127,0.20453415593423416
128,0.2039233117736876
129,0.20331872159324121
130,0.2027150446397718
131,0.20211230256827548
132,0.20151042450161186
133,0.2007128021417884
134,0.20010760001314337
135,0.1995086015277775
136,0.19891050762322265
137,0.19831326819839887
138,0.19771700429730119
139,0.19692665486596525
140,0.1963270003517391
141,0.19573354568332435
142,0.19514098790939896
143,0.1945492995821405
144,0.1939584298315458
145,0.19317530476488173
146,0.19258119517646263
147,0.19199323186825495
148,0.1914061272883555
149,0.19081990764010698
150,0.19023452275665476
151,0.18945875156787223
152,0.18887000571994578
153,0.18828746609098743
154,0.1877057708040229
155,0.18712492556893268
156,0.18654488000203856
157,0.18577630241765292
158,0.18519286553961137
159,0.18461562749289442
160,0.184039214256336
161,0.1834636024327483
162,0.18288879012834514
163,0.18212737291294614
164,0.18154919411230366
165,0.18097717600350735
166,0.18040593481098768
167,0.17983550076838584
168,0.1792659010150237
169,0.17851163793355226
170,0.17793854199524503
171,0.17737159107869957
172,0.17680545474926476
173,0.1762401280121412
174,0.17567555587971584
175,0.174928413227899
176,0.17436040349537507
177,0.17380634292378092
178,0.17327268054534214
179,0.17273974064504727
180,0.17220755012182054
181,0.17149481020867824
182,0.17095903965062462
183,0.17042938405298627
184,0.16990040997916367
185,0.16937217431608587
186,0.16884464445407502
187,0.16813863105722704
188,0.1676075642585056
189,0.16708248756825925
190,0.16655812161159703
191,0.16603451335278804
192,0.16551161139912438
193,0.16481236780411565
194,0.16428580126725137
195,0.1637652997643454
196,0.1632454969745595
197,0.16272635051514953
198,0.16222661832696758
199,0.16156268295890186
200,0.1610692749195732
201,0.16058181470434646
202,0.16009500119951553
203,0.15960883972409648
204,0.15912330599792768
205,0.15846572605252732
206,0.15797648520267102
207,0.1574931888555875
208,0.15701052326359785
209,0.15652846010227223
210,0.1560470371734118
211,0.1553957686870126
212,0.15491066994320135
213,0.15443154312612023
214,0.1539529724570457
215,0.15347500348871107
216,0.1529976473550778
217,0.15235262980742845
218,0.15187153340084478
219,0.15139634571271018
220,0.15092181036859983
221,0.15044784509926104
222,0.14997447106259643
223,0.14933572756621288
224,0.1488585693074856
225,0.14838738114980515
226,0.1479167350658099
227,0.14744672188244295
228,0.14697731514519546
229,0.14634477964631515
230,0.14587155804008944
231,0.14540424724662443
232,0.14493749625689817
233,0.14447131602151786
234,0.14400571844016669
235,0.1433793857728597
236,0.14291004640457686
237,0.14244659336574841
238,0.14198369590507354
239,0.14152138769044542
240,0.1410596774937585
