0,0.2802565472193376
1,0.20301705000786488
2,0.19229845151704847
3,0.1805813437705981
4,0.17649570101750764
5,0.17152900689092404
6,0.16770190223908743
7,0.16601240791209126
8,0.16796069806334615
9,0.1579942315802606
10,0.15489817581985188
11,0.15445201006143486
12,0.15039811680143364
13,0.14886038517757852
14,0.14932010210765048
15,0.14718112926858823
16,0.14455665460291722
17,0.1414748479779881
18,0.1413912564673072
19,0.1341750739905912
20,0.13659461444936036
21,0.13257628141891684
22,0.13110758892306879
23,0.13080947549292868
24,0.1262902164210876
25,0.126818865944428
26,0.1226853890936836
27,0.12218179756425807
28,0.12174994325786258
29,0.12098220797162859
30,0.11706984900937227
31,0.11801055893730159
32,0.11362368519992436
33,0.1124109727869317
34,0.11297919502717325
35,0.10745911612050515
36,0.10698298739547703
37,0.11104803577679213
38,0.105475594328852
39,0.10655814337890267
40,0.10266531396914146
41,0.1004386025042027
42,0.09800880519009528
43,0.0971517738354503
44,0.0961047875127573
45,0.09579758164455036
46,0.09335226994507385
47,0.09079181612736878
48,0.0895624651405889
49,0.08853132914666129
50,0.08414871737689236
51,0.08403279685497399
52,0.08526425690557879
53,0.08111632964306179
54,0.07889664282672593
55,0.07827013194332634
56,0.07545501363403039
57,0.07718220039831039
58,0.07600914258010315
59,0.06970251171753325
60,0.06746886666307504
61,0.06860417131891196
62,0.06684537801420552
63,0.063537971523387
64,0.0700941451493351
65,0.06047993878052495
66,0.058567674741348774
67,0.058298803141547575
68,0.055819135259166076
69,0.05507279510727559
70,0.05696486359483552
71,0.05832105402931057
72,0.05008946176461333
73,0.05269569601021507
74,0.04906865894451909
75,0.046357945867339545
76,0.04982166250603866
77,0.056243218663523255
78,0.04666797036369299
79,0.04170163105316888
80,0.042241172736574864
81,0.05111247987639858
82,0.048682624006722394
83,0.041412392003154844
84,0.039392361467368756
85,0.049419187441097134
86,0.03747191065315771
87,0.03770271948827752
88,0.03652006001622056
89,0.04895341944420475
90,0.049417891496813846
91,0.03541531189526806
92,0.033355053728339315
93,0.03347499083934559
94,0.03483957890599566
95,0.03591247598044717
96,0.051007431407255686
97,0.03347586112104042
98,0.031102076868644392
99,0.03072616336974262
