1,0.25082871250808236
2,0.20709964831825345
3,0.20097843892872333
4,0.19697855417151003
5,0.19337928265100346
6,0.18996630285400898
1,0.6522296354174614
2,0.5530361076071858
3,0.5257028052583337
4,0.5004375310242176
5,0.47743839021772144
6,0.45646013390272855
1,0.8918598511815071
2,0.8232387169450521
3,0.7754582554847002
4,0.7356880307197571
5,0.7025816260278225
6,0.6749311653524637
1,0.8400954020023346
2,0.8030228562653065
3,0.7700977671891451
4,0.7421904921531677
5,0.718373182117939
6,0.697903520166874
7,0.6801788028329611
8,0.6646968718618155
9,0.6510572331398725
10,0.6389296474307775
11,0.6280445597320795
12,0.6181823967397213
13,0.6091682773083449
14,0.6016255991160869
15,0.5977847773581744
16,0.5947559525817633
17,0.5921328370273113
18,0.5898509110510349
19,0.587860926296562
20,0.5861114865913987
21,0.5845701037533582
22,0.5832065856084228
23,0.5819957149028778
24,0.5809163728356361
25,0.5799545706249774
26,0.5790876995958388
27,0.5783068610168993
28,0.5776012327708304
29,0.5769616048224271
30,0.5763800809346139
31,0.5758536774106324
32,0.5753689842112363
33,0.5749247576761991
34,0.5745166162960231
35,0.5741407708451152
36,0.5737939080782235
37,0.5734769066143781
38,0.5731796597968787
39,0.572903710026294
40,0.5726470815576613
41,0.5724080292880536
42,0.5721849906351417
43,0.5719803694542498
44,0.5717853643652052
45,0.57160265292041
46,0.5714312461204827
47,0.571270236633718
48,0.5711188309825956
49,0.5709800889156759
50,0.570845756586641
51,0.5707190345972777
52,0.5705993794091045
53,0.5704862829856574
54,0.5703792936634272
55,0.5702817696239799
56,0.5701857687253505
57,0.5700947171729058
58,0.5700082844216376
59,0.5699261796101928
60,0.5698481262102724
61,0.5697776398062706
62,0.5697069204598665
63,0.5696395466290415
64,0.5695752989593893
65,0.5695139973517507
66,0.5694554460607469
67,0.5694032753445208
68,0.5693497662618756
69,0.5692985602933913
70,0.569249520613812
71,0.569202518677339
72,0.5691574403597042
73,0.5691179498517885
74,0.5690763827553019
75,0.5690364405466244
76,0.5689980138698593
77,0.5689610293600709
78,0.5689253951888531
79,0.5688948059733957
80,0.5688616531668231
81,0.5688296513445675
82,0.5687987276911736
83,0.568768828981556
84,0.5687398919370026
85,0.5687156238919124
86,0.5686884634150192
87,0.5686621105717495
88,0.5686365375388414
89,0.5686116934660822
90,0.5685875378036872
91,0.5685677919536829
92,0.568544906117022
93,0.5685226098587737
94,0.5685008615395054
95,0.5684796461323276
96,0.5684589271806181
97,0.5684424213459716
98,0.5684226098749786
99,0.5684032242931426
100,0.5683842382952571
101,0.5683656253386289
102,0.5683473804639653
103,0.5683332167565822
104,0.568315617106855
105,0.5682983279554173
106,0.5682813265128062
107,0.5682645972212776
108,0.5682481237966567
109,0.5682356285117567
110,0.5682196324225515
111,0.5682038564095273
112,0.5681882800813765
113,0.5681729061156511
114,0.5681577145075426
115,0.5681464386591688
116,0.5681315902620554
117,0.5681169040733949
118,0.5681023636972532
119,0.5680879599181935
120,0.568073699339293
121,0.5680632797442376
122,0.5680492598377168
123,0.5680353512335569
124,0.5680215544858948
125,0.5680078568682074
126,0.5679942578217014
127,0.5679844680754468
128,0.5679710411280393
129,0.5679577003791928
130,0.5679444406647235
131,0.5679312480287626
132,0.567918126466684
133,0.5679087795829401
134,0.5678957848809659
135,0.5678828444005921
136,0.5678699623886496
137,0.5678571378998458
138,0.5678443640423939
139,0.5678353240201249
140,0.5678226390806959
141,0.567809994337149
142,0.5677973913261667
143,0.5677848290791735
144,0.5677722962899133
145,0.5677634952776134
146,0.5677510271174833
147,0.5677385927410796
148,0.5677261899132282
149,0.5677138162776828
150,0.5677014690171928
151,0.5676928318478167
152,0.56768052903004
153,0.5676682524010539
154,0.567655995269306
155,0.5676437672507018
156,0.5676315489970147
157,0.5676230192789808
158,0.5676108380034566
159,0.5675986788095906
160,0.5675865343119949
161,0.5675744004873559
162,0.5675622851215303
163,0.5675538482470438
164,0.5675417595496401
165,0.5675296851014718
166,0.5675176208792254
167,0.567505570393987
168,0.5674935385631398
169,0.5674851661780849
170,0.5674731460120529
171,0.5674611414270475
172,0.5674491490470246
173,0.5674371658172458
174,0.5674251913838089
175,0.5674168824031949
176,0.5674049261771142
177,0.5673929778439925
178,0.5673810444632545
179,0.5673691206006333
180,0.5673572044493631
181,0.5673489348962903
182,0.5673370274575427
183,0.567325139134191
184,0.5673132547875867
185,0.5673013753863052
186,0.5672895104950294
187,0.5672812697617338
188,0.5672694159857928
189,0.5672575749782846
190,0.5672457390604541
191,0.5672339093871415
192,0.5672220925102011
193,0.5672138930950313
194,0.5672020874498412
195,0.5671902923937887
196,0.5671785075264052
197,0.5671667244983837
198,0.5671549567813053
199,0.5671467940136791
200,0.5671350329043343
201,0.5671232882514596
202,0.5671115496102721
203,0.5670998186757789
204,0.5670880974968895
205,0.5670799797680229
206,0.5670682725263759
207,0.5670565748494119
208,0.5670448869746179
209,0.5670332061080262
210,0.5670215323427692
211,0.5670134528866038
212,0.5670017935615033
213,0.5669901453703642
214,0.5669785059895367
215,0.5669668775750324
216,0.5669552585948259
217,0.5669472156697885
218,0.566935610664077
219,0.5669240161776543
220,0.5669124349253252
221,0.5669008609233424
222,0.5668892969284207
223,0.566881300676614
224,0.5668697500787675
225,0.5668582145636901
226,0.5668466860475019
227,0.566835170071572
228,0.56682366583962
229,0.5668157082190737
230,0.5668042210908607
231,0.566792740477249
232,0.5667812706530094
233,0.5667698100814595
234,0.566758370907046
235,0.5667504708562047
236,0.5667390377540141
237,0.5667276157066226
238,0.5667162142507732
239,0.5667048203339801
240,0.5666934312367812
