1,0.2489899418879595
2,0.20526269401225125
3,0.19916588246014702
4,0.1951904023828637
5,0.19161553213422042
6,0.18822694407608936
1,0.5937791754369889
2,0.5012111022960651
3,0.4811280614671287
4,0.46311322783391035
5,0.447364592186383
6,0.43363684269068337
1,0.8632017571695475
2,0.7980545645669673
3,0.7540452903959262
4,0.7180462598929751
5,0.6887110229380002
6,0.6648317107437038
1,0.786184438183958
2,0.7527710248387268
3,0.7240708281161433
4,0.7003884296154469
5,0.6807960150060629
6,0.6645512311727246
7,0.6510477176031482
8,0.6397906802843932
9,0.6303759293777701
10,0.6224732251064725
11,0.6158130485038105
12,0.6101758072981558
13,0.6053828357220218
14,0.6012888423777398
15,0.5977756088905697
16,0.5947467900798407
17,0.5921236725966254
18,0.5898417484194407
19,0.5878479651823894
20,0.5860985280970807
21,0.5845571452383431
22,0.5831936260110553
23,0.5819827595546618
24,0.5809034146052077
25,0.5799378146114651
26,0.5790709518081978
27,0.578290111793534
28,0.5775844862986875
29,0.5769448566181726
30,0.5763633338810874
31,0.5758331452287634
32,0.5753484572107611
33,0.5749042294668679
34,0.5744960931403544
35,0.5741202495534737
36,0.5737733855357591
37,0.5734526024792214
38,0.5731553567405058
39,0.572879409447866
40,0.5726227841232943
41,0.5723837308149111
42,0.5721606956656003
43,0.5719522950316086
44,0.5717572934179954
45,0.5715745846230539
46,0.5714031755865657
47,0.5712421725211767
48,0.5710907689757838
49,0.5709482355372757
50,0.5708139109245536
51,0.57068719426819
52,0.5705675384018913
53,0.5704544440192061
54,0.5703474545717248
55,0.5702461518040304
56,0.5701501518366261
57,0.5700591017214175
58,0.569972676405585
59,0.5698905760491336
60,0.569812523649392
61,0.5697382629324724
62,0.5696675564774086
63,0.5696001840435234
64,0.569535941075688
65,0.56947463736562
66,0.5694160958503492
67,0.5693601515315198
68,0.5693066505013578
69,0.5692554490630096
70,0.5692064129345369
71,0.5691594165272221
72,0.5691143422900362
73,0.5690710801131101
74,0.5690295267839541
75,0.568989585490908
76,0.5689511653689816
77,0.5689141810837953
78,0.5688785524498532
79,0.5688442040797824
80,0.5688110650615857
81,0.5687790686612458
82,0.5687481520483443
83,0.5687182560425873
84,0.568689324879363
85,0.5686613059926507
86,0.5686341498137715
87,0.5686078095846321
88,0.568582241184229
89,0.5685574029673286
90,0.5685332556143156
91,0.5685097619913213
92,0.568486887019806
93,0.568464597554869
94,0.5684428622716015
95,0.5684216515588781
96,0.5684009374200264
97,0.5683806933798655
98,0.5683608943976466
99,0.5683415167854711
100,0.5683225381317962
101,0.5683039372296641
102,0.5682856940093328
103,0.5682677894749989
104,0.5682502056453373
105,0.5682329254975987
106,0.5682159329150255
107,0.5681992126373694
108,0.5681827502143114
109,0.5681665319615823
110,0.5681505449196272
111,0.5681347768146381
112,0.5681192160218178
113,0.5681038515307184
114,0.5680886729125467
115,0.5680736702892949
116,0.5680588343046002
117,0.5680441560962207
118,0.5680296272700304
119,0.5680152398754468
120,0.5680009863822021
121,0.5679868596583791
122,0.5679728529496396
123,0.5679589598595765
124,0.567945174331117
125,0.5679314906289299
126,0.5679179033227666
127,0.567904407271689
128,0.5678909976091362
129,0.5678776697287747
130,0.5678644192710987
131,0.5678512421107293
132,0.5678381343443809
133,0.567825092279453
134,0.5678121124232164
135,0.567799191472561
136,0.5677863263042716
137,0.5677735139658079
138,0.5677607516665565
139,0.5677480367695341
140,0.567735366783516
141,0.5677227393555643
142,0.5677101522639396
143,0.5676976034113735
144,0.5676850908186835
145,0.5676726126187096
146,0.5676601670505587
147,0.5676477524541442
148,0.567635367264995
149,0.5676230100093298
150,0.5676106792993808
151,0.5675983738289483
152,0.5675860923691836
153,0.56757383376458
154,0.5675615969291663
155,0.5675493808428912
156,0.5675371845481878
157,0.5675250071467124
158,0.5675128477962422
159,0.5675007057077331
160,0.5674885801425197
161,0.5674764704096597
162,0.5674643758634061
163,0.567452295900811
164,0.5674402299594448
165,0.5674281775152302
166,0.5674161380803868
167,0.5674041112014756
168,0.567392096457541
169,0.5673800934583497
170,0.5673681018427118
171,0.5673561212768911
172,0.5673441514530929
173,0.5673321920880258
174,0.5673202429215403
175,0.5673083037153289
176,0.5672963742517012
177,0.5672844543324105
178,0.5672725437775461
179,0.5672606424244787
180,0.567248750126861
181,0.5672368667536773
182,0.5672249921883428
183,0.5672131263278453
184,0.5672012690819368
185,0.5671894203723591
186,0.5671775801321156
187,0.5671657483047747
188,0.5671539248438143
189,0.5671421097119959
190,0.567130302880772
191,0.5671185043297278
192,0.5671067140460462
193,0.5670949320240039
194,0.5670831582644957
195,0.5670713927745787
196,0.5670596355670452
197,0.5670478866600167
198,0.5670361460765573
199,0.567024413844312
200,0.5670126899951606
201,0.567000974564892
202,0.5669892675928967
203,0.5669775691218731
204,0.5669658791975548
205,0.5669541978684481
206,0.5669425251855862
207,0.5669308612022977
208,0.5669192059739874
209,0.5669075595579269
210,0.5668959220130636
211,0.5668842933998332
212,0.5668726737799875
213,0.5668610632164323
214,0.5668494617730718
215,0.5668378695146652
216,0.5668262865066908
217,0.5668147128152166
218,0.5668031485067829
219,0.5667915936482886
220,0.5667800483068838
221,0.5667685125498736
222,0.566756986444626
223,0.5667454700584816
224,0.5667339634586755
225,0.5667224667122622
226,0.5667109798860427
227,0.5666995030465027
228,0.5666880362597475
229,0.566676579591447
230,0.5666651331067861
231,0.5666536968704107
232,0.5666422709463871
233,0.5666308553981588
234,0.5666194502885084
235,0.5666080556795229
236,0.5665966716325624
237,0.5665852982082291
238,0.566573935466343
239,0.5665625834659156
240,0.5665512422651294
