1,1.8387721741199494
2,1.8369553589820862
3,1.8125539863109588
4,1.7881541073322296
5,1.763755669593811
6,1.7393586599826814
1,58.45045356750488
2,51.82500358581543
3,44.57474102020264
4,37.32430419921875
5,30.073795471191406
6,22.823286933898927
1,28.65809020996094
2,25.18415777206421
3,21.412957973480225
4,17.64176501274109
5,13.870599765777587
6,10.099455375671386
1,53.91096221923828
2,50.251822776794434
3,46.02693878173828
4,41.80205478668213
5,37.577170867919925
6,33.35228677749634
7,29.13107666015625
8,24.90619083404541
9,20.681308612823486
10,16.45642192840576
11,12.231509256362916
12,8.006592297554016
13,3.7854438531398773
14,0.33675986721078516
15,0.009170141130962293
16,0.009169952372903935
17,0.009169763373793103
18,0.009169574333864148
19,0.012962194435822312
20,0.01295827662848751
21,0.01295790536212735
22,0.012957534146335093
23,0.012957162867169246
24,0.01295679137670959
25,0.016747934863087722
26,0.016743779492680914
27,0.016743170761619696
28,0.01674256160564255
29,0.016741952819866127
30,0.016741344220354223
31,0.02053060561302118
32,0.020526156713312958
33,0.02052525413542753
34,0.02052435169607634
35,0.020523448978492523
36,0.020522546464635524
37,0.024309521283430512
38,0.02430471137020504
39,0.024303448165010195
40,0.02430218567926204
41,0.024300922206311953
42,0.02429965879622614
43,0.028083921814104542
44,0.028078696435550228
45,0.028077017177129165
46,0.02807533767656423
47,0.028073658192297443
48,0.028071979640517383
49,0.03185312148445519
50,0.03184741868259153
51,0.031845262176066175
52,0.03184310664451914
53,0.031840950352780055
54,0.031838794627983585
55,0.03561639659717912
56,0.03561015043262159
57,0.03560745095455786
58,0.03560475127684185
59,0.03560205193847651
60,0.03559935230732662
61,0.03937298835691763
62,0.03936615314712981
63,0.039362864609283864
64,0.03935957619076362
65,0.03935628855600953
66,0.03935300028329948
67,0.043122274998167995
68,0.0431147817755118
69,0.043110834996041375
70,0.04310688919300446
71,0.04310294404509477
72,0.04309899765590672
73,0.04686348900722805
74,0.04685528795962455
75,0.04685063438577344
76,0.04684598222229397
77,0.04684132853843039
78,0.04683667647332186
79,0.05059599285828881
80,0.05058703107904876
81,0.050581617499992716
82,0.0505762014107313
83,0.05057078936544713
84,0.050565376104495956
85,0.054319109590433075
86,0.05430932079238118
87,0.054303079184319356
88,0.054296838632435535
89,0.05429059810936451
90,0.05428435839537997
91,0.058032092802750415
92,0.05802141748281429
93,0.05801428723993013
94,0.05800715944409603
95,0.05800003596901661
96,0.05799291221919702
97,0.061734259248478335
98,0.06172264351160266
99,0.061714577217935586
100,0.061706511078518815
101,0.06169844557356555
102,0.06169038040388841
103,0.0654249306768179
104,0.06541232284158469
105,0.06540326424175874
106,0.06539420679793694
107,0.06538515208289027
108,0.06537609598017298
109,0.06910346061398741
110,0.06908981421554927
111,0.06907971761364023
112,0.06906962155888323
113,0.06905952871893532
114,0.06904943548841402
115,0.07276922542252579
116,0.07275447122403421
117,0.07274326683953404
118,0.07273206140438561
119,0.0727208590094233
120,0.07270965943054762
121,0.07642148345068563
122,0.07640556454018224
123,0.07639319338893984
124,0.07638082398392726
125,0.07636845771980007
126,0.07635609223565552
127,0.08005953806743492
128,0.0800424123252742
129,0.08002883741864934
130,0.08001526028267109
131,0.08000168858096003
132,0.0799881144601386
133,0.08368282945884857
134,0.08366444904822856
135,0.08364962093997746
136,0.08363479518797248
137,0.08361997444066219
138,0.08360515917418525
139,0.0872907647426473
140,0.0872710718982853
141,0.08725492491503246
142,0.0872387832729146
143,0.08722264266223646
144,0.0872065047826618
145,0.09088259922689758
146,0.09086153274751269
147,0.09084401975618675
148,0.09082650602853391
149,0.09080899641150608
150,0.09079148916061967
151,0.09445771655940917
152,0.09443523175257723
153,0.09441629838314838
154,0.0943973678018665
155,0.09437843941734173
156,0.09435951693740208
157,0.09801548349903896
158,0.09799150522623677
159,0.09797107683145441
160,0.09795065191632603
161,0.097930236288812
162,0.09790982229169458
163,0.10155515021411703
164,0.10152963842672762
165,0.10150767940212972
166,0.10148572821984998
167,0.10146378288220148
168,0.10144184084259905
169,0.10507618300209287
170,0.10504912715870887
171,0.10502562706999015
172,0.10500213227351196
173,0.10497864389384631
174,0.10495516082039102
175,0.10857815337134526
176,0.10854946426639799
177,0.10852433459484018
178,0.108499217039207
179,0.1084741052996833
180,0.10844899644318502
181,0.11206028701795731
182,0.11202994953666348
183,0.11200316377507988
184,0.1119763806136325
185,0.11194960730616003
186,0.1119228377356194
187,0.11552207664120942
188,0.11549003856489434
189,0.1154615564760752
190,0.11543307606305461
191,0.11540460274205543
192,0.11537613719119691
193,0.11896299128420651
194,0.11892920391226652
195,0.11889897522632964
196,0.11886875205265823
197,0.11883853434759657
198,0.11880832549883052
199,0.12238244445179589
200,0.12234684271039441
201,0.12231479492387734
202,0.12228275558911264
203,0.12225072241970338
204,0.12221871018409729
205,0.1257797182846116
206,0.12574226044118406
207,0.12570836227911059
208,0.12567447694949807
209,0.1256406026339391
210,0.12560673525906169
211,0.12915432893438264
212,0.12911498840374405
213,0.12907919874181972
214,0.12904342051187995
215,0.12900764708872883
216,0.1289718867553165
217,0.13250573688419537
218,0.1324644523789175
219,0.1324267376190983
220,0.13238903255201875
221,0.1323513388261199
222,0.13231366860447452
223,0.13583342495549006
224,0.13579015256545973
225,0.13575043693592306
226,0.13571073979313952
227,0.13567106947943103
228,0.1356314165313961
229,0.13913677733798976
230,0.13909152164531405
231,0.1390498266281793
232,0.1390081402711803
233,0.13896646480367053
234,0.13892479765927418
235,0.14241544205811807
236,0.14236811218899675
237,0.14232434415374884
238,0.14228058955282905
239,0.1422368448553607
240,0.1421931116026826
