1,1.5932601660490036
2,0.37400525843103727
3,0.30345384697119393
4,0.2603078905430933
5,0.24797461320335668
6,0.22909505385905504
7,0.22736087787275513
8,0.2153777336018781
9,0.22168089534466465
10,0.20913823614517849
11,0.2147827790491283
12,0.2135516689531505
13,0.22469042253990967
14,0.2167805108924707
15,0.2265816684688131
16,0.22004582512502868
17,0.23397588356708487
18,0.2320149705124398
19,0.2392751137477656
20,0.24294304110109807
21,0.24678857281183203
22,0.24767124791319173
23,0.2618917770559589
24,0.2580706810206175
25,0.27118442982435226
26,0.2714748291422923
27,0.2798377976194024
28,0.27944533377885816
29,0.2877985593304038
30,0.2906337419773142
31,0.3007558817664782
32,0.3018546059106787
33,0.31553896634529033
34,0.31704098387310903
35,0.3263743816067775
36,0.32581766380618016
37,0.34114443345616263
38,0.3314037772019704
39,0.3497226926932732
40,0.3499894828100999
41,0.35894246749579906
42,0.3613794136419892
43,0.37114304731289544
44,0.37320185791701077
45,0.38623776637017726
46,0.39188931114971637
47,0.398926845168074
48,0.4045534174020092
49,0.42277114146699507
50,0.4048485340923071
51,0.41709328841418025
52,0.41368410242100556
53,0.42768604556719464
54,0.42868337405224644
55,0.44499490472177666
56,0.44823924233516055
57,0.4587286554525296
58,0.4680126260469357
59,0.48106178964177765
60,0.4808671296636264
61,0.4921930983662605
62,0.5000857785840829
63,0.5172536009301741
64,0.5114921566595634
65,0.5149016823619604
66,0.5108726300299168
67,0.5315744259705146
68,0.5324163078144193
69,0.5398879572500785
70,0.5331582822650671
71,0.5523352322479089
72,0.5451183978716533
73,0.5564479359239339
74,0.5600419834752878
75,0.582134741594394
76,0.5832423679282268
77,0.5983630463977655
78,0.5985543221980333
79,0.604327042500178
80,0.6144393157710631
