1,1.5710801300406456
2,0.37390092181041834
3,0.2889527221707006
4,0.245781190029035
5,0.21902704214677216
6,0.20015477245363097
7,0.18401593031051258
8,0.17202088091988116
9,0.163924322820579
10,0.151386344867448
11,0.1426364409038797
12,0.14139829616683225
13,0.13819170584979779
14,0.13026951966419195
15,0.12567715037148447
16,0.11917446982581169
17,0.11875030378811062
18,0.11678224904928357
19,0.10967693937166284
20,0.11343402597121895
21,0.10291903300831716
22,0.10380433674746503
23,0.1037037593673449
24,0.09993656479055062
25,0.09874404628450671
26,0.09906603400905926
27,0.09311350041845193
28,0.09287116503187766
29,0.08685444611900796
30,0.08971342891571112
31,0.08559880551067181
32,0.08669836597827574
33,0.08612631799420342
34,0.08764112729928457
35,0.08268525942306344
36,0.08206878398079426
37,0.08307446154144903
38,0.07341743234312162
39,0.07736774604883977
40,0.07771756211916606
41,0.072398923447084
42,0.07485742349526844
43,0.07051125292472231
44,0.07257199499756098
45,0.07138509894333159
46,0.07717862769844942
47,0.07004307334679954
48,0.07596610788061904
49,0.07981094940400604
50,0.062154170799573576
51,0.06029566210655806
52,0.056865405936065754
53,0.056974385645007716
54,0.05798360134824179
55,0.06027219770000859
56,0.06364587102259975
57,0.060089304190284264
58,0.06954632630125464
59,0.06849524926355419
60,0.06834065468448292
61,0.06567918743472546
62,0.0737805610835009
63,0.07696992610309583
64,0.07125753813365009
65,0.06078278087894432
66,0.056727325527269085
67,0.06368286488131465
68,0.06466781228916564
69,0.05800054559712104
70,0.05176046958367806
71,0.05695864071487449
72,0.04985601243388373
73,0.047370246135396886
74,0.05142782167221109
75,0.05951597681773516
76,0.0608364187888219
77,0.062374303963345784
78,0.06277469364984427
79,0.05475412689940034
80,0.0651632803492248
