1,1.4175911506265402
2,0.3620760121444861
3,0.2731882488417129
4,0.23958185606325666
5,0.21480292782187463
6,0.19625730569163957
7,0.18050122670208416
8,0.17258083138304453
9,0.1629677100883176
10,0.15698052432232848
11,0.14634087666869164
12,0.14219122498451423
13,0.13703721235816677
14,0.13010009081102908
15,0.13160111825137089
16,0.12469525252236054
17,0.12321208145158986
18,0.1187161659449339
19,0.1132539144049709
20,0.11060334650722022
21,0.10641429846873507
22,0.10353272449380407
23,0.10608611442769567
24,0.10187104117823764
25,0.10723765523017695
26,0.10183312479018544
27,0.09849752257810905
28,0.10028616432566195
29,0.09739630820578896
30,0.09500853793268713
31,0.0923438683450998
32,0.09150993787955182
33,0.08693622503468457
34,0.08377990294752333
35,0.08609100387082436
36,0.08173906759436553
37,0.09332727741256046
38,0.09018717271489246
39,0.09196607832292406
40,0.08952320408890956
