1,0.7721486209705472
2,0.6128020959720015
3,0.5907612127251923
4,0.5720276215486229
5,0.5557738855760544
6,0.5456407335028053
1,0.5906584183126689
2,0.5606389684230089
3,0.5353704785183072
4,0.5123913446068764
5,0.4914022253081203
6,0.47219571329653265
1,0.9030524460971355
2,0.8564341543614864
3,0.8117275669798255
4,0.773315564095974
5,0.7404359390959143
6,0.7123726566135883
1,0.5365888866037131
2,0.47806133799254896
3,0.4566645309701562
4,0.43845342736691234
5,0.4218343915231526
6,0.40650291334837674
7,0.39606552582699805
8,0.38997447633650156
9,0.3846573419915512
10,0.37999925020616504
11,0.3759047327237204
12,0.37229413440451026
13,0.3691007538326085
14,0.3662681982200593
15,0.363748887302354
16,0.3615022806846537
17,0.35949376834789293
18,0.3576936190598644
19,0.3560763555997983
20,0.3546197523851879
21,0.35330479371361434
22,0.3521148967230692
23,0.3510356709966436
24,0.3500545483571477
25,0.3491606394620612
26,0.34834422699408607
27,0.3475969796371646
28,0.3469115386088379
29,0.3462814107129816
30,0.3457009091228247
31,0.3451650746294763
32,0.34466929587651973
33,0.3442097318789456
34,0.3437828935449943
35,0.34338567388243973
36,0.3430153122625779
37,0.34266944604343735
38,0.3423457235749811
39,0.3420422621956095
40,0.3417573045555036
41,0.3414892771095037
42,0.34123677424853666
43,0.34099859799141996
44,0.3407734494842589
45,0.3405603634659201
46,0.34035841436008923
47,0.3401667529484257
48,0.3399846141343005
49,0.3398113684938289
50,0.33964624714804814
51,0.3394887310906779
52,0.3393383047450334
53,0.33919448890956116
54,0.33905683571705597
55,0.3389250334270764
56,0.33879854666884057
57,0.33867711600731126
58,0.33856044251355344
59,0.33844822022365406
60,0.3383402010507416
61,0.33823621620773336
62,0.3381358779920265
63,0.3380390565865673
64,0.3379455687990412
65,0.33785523165017367
66,0.33776787490118293
67,0.33768342013354413
68,0.3376015761494637
69,0.3375222832011059
70,0.33744541309657505
71,0.3373708527267445
72,0.3372984920383897
73,0.3372283063607756
74,0.33716005068505184
75,0.3370937080186559
76,0.3370291841204744
77,0.3369664183224086
78,0.3369053296354832
79,0.3368459167715628
80,0.33678796839725694
81,0.3367315008473815
82,0.3366764477087418
83,0.3366227554541547
84,0.3365703713387484
85,0.33651932581095023
86,0.3364694169088034
87,0.3364206739887595
88,0.3363730603829026
89,0.3363265311188297
90,0.3362810431350954
91,0.3362366427434608
92,0.3361931440059561
93,0.3361505854735151
94,0.3361089388874825
95,0.3360681718494743
96,0.3360282510955585
97,0.3359892393980408
98,0.3359509456768865
99,0.33591341620252935
100,0.33587663926009553
101,0.3358405838895123
102,0.33580522990669126
103,0.3357706412562402
104,0.33573662780283486
105,0.3357032613112824
106,0.3356705139530823
107,0.335638368287473
108,0.33560681555361954
109,0.33557590457145126
110,0.33554547214356717
111,0.3355155724531505
112,0.335486194047262
113,0.3354573304747464
114,0.3354289614333538
115,0.33540114275645466
116,0.3353737119294237
117,0.3353467470977921
118,0.3353202177060302
119,0.3352941243897658
120,0.33526844007661566
121,0.3352432617719751
122,0.3352183854440227
123,0.33519389872206373
124,0.33516979979875033
125,0.33514605727279556
126,0.3351226829236839
127,0.3350997320731403
128,0.3350770500703948
129,0.33505469259805976
130,0.3350326675613178
131,0.33501094266655856
132,0.3349895403563278
133,0.3349685200332897
134,0.3349477078864584
135,0.334927178833168
136,0.33490693719184494
137,0.3348869666433893
138,0.33486726000963246
139,0.33484789771202483
140,0.3348287025018362
141,0.3348097537085414
142,0.3347910532541573
143,0.3347725863585947
144,0.33475435360800476
145,0.3347364359576022
146,0.3347186479286756
147,0.3347010685061105
148,0.33468370465619957
149,0.33466654851916244
150,0.3346495974535355
151,0.33463291882479096
152,0.33461635635234416
153,0.3345999779651174
154,0.33458377964561803
155,0.3345677693025209
156,0.33455192468478345
157,0.33453634402831084
158,0.33452083889511414
159,0.3345055035466794
160,0.3344903287425404
161,0.334475312064169
162,0.3344604466424789
163,0.33444582142401486
164,0.3344312526140129
165,0.33441683687095064
166,0.3344025468116161
167,0.334388406209182
168,0.3343743983376771
169,0.33436059912724886
170,0.33434685044339857
171,0.33433323143224697
172,0.3343197359039914
173,0.334306363229407
174,0.3342930990259629
175,0.33428005410707556
176,0.33426702349388504
177,0.33425410961557644
178,0.3342413045524154
179,0.33422860407445115
180,0.33421601096866654
181,0.3342036038602237
182,0.33419121470942625
183,0.3341789226816036
184,0.3341667228832375
185,0.33415462337608914
186,0.3341426151705673
187,0.33413078113866507
188,0.3341189562471118
189,0.3341072104871273
190,0.33409555327147245
191,0.33408398409723306
192,0.33407249553943985
193,0.33406117121805434
194,0.3340498410008149
195,0.3340385894145584
196,0.33402740317047575
197,0.3340163050149567
198,0.3340052697341889
199,0.3339944014145294
200,0.33398350651783404
201,0.3339726895996137
202,0.33396193572552874
203,0.333951250204118
204,0.3339406271465123
205,0.3339301608951064
206,0.3339196595607791
207,0.3339092220272869
208,0.3338988469936885
209,0.3338885325641604
210,0.3338782704266487
211,0.33386815797071906
212,0.33385801124735737
213,0.3338479151815409
214,0.3338378820626531
215,0.33382789592491463
216,0.3338179625518387
217,0.3338081685488578
218,0.3337983351701405
219,0.33378854833543303
220,0.33377881688124034
221,0.33376912637264466
222,0.33375948285276535
223,0.3337499727087561
224,0.3337404198432341
225,0.33373090741573835
226,0.3337214430933818
227,0.333712016963982
228,0.3337026395677822
229,0.3336933862237493
230,0.3336840835842304
231,0.3336748234456172
232,0.33366559896734543
233,0.333656410878757
234,0.33364726504194553
235,0.3336382422503084
236,0.3336291663325392
237,0.3336201237066416
238,0.3336111191904638
239,0.33360214728629217
240,0.3335932076041354
