1,25.474529647827147
2,19.651428833007813
3,13.532926073074341
4,7.414423809051514
5,1.5876073434957652
6,0.12583694791974268
1,42.49065086364746
2,36.225164604187015
3,29.49910629272461
4,22.773644485473632
5,16.04812582015991
6,9.322726645469665
1,41.67952781677246
2,36.780147590637206
3,31.433673057556152
4,26.087614479064943
5,20.7426159286499
6,15.39757511138916
1,39.279304084777834
2,32.4608864402771
3,25.21045446395874
4,17.960022821426392
5,10.709591817855834
6,3.4617319510571543
7,0.02791043887496926
8,0.027877469714730978
9,0.027845716470910702
10,0.027813990860886408
11,0.02778229668212589
12,0.027750639372970908
13,0.027793093623185997
14,0.027760414995718748
15,0.027728947883006186
16,0.027697518296481576
17,0.027666122937807812
18,0.027634755667531864
19,0.02767802790272981
20,0.02764562788332114
21,0.02761444469593698
22,0.0275832959098625
23,0.027552174540760463
24,0.027521082042658237
25,0.027565176363568752
26,0.027533062321017498
27,0.027502159552532247
28,0.027471283220802434
29,0.027440444024978205
30,0.027409636538941413
31,0.027454540004837328
32,0.027422705871285872
33,0.027392081549041904
34,0.027361492165364324
35,0.027330933129414915
36,0.02730040416063275
37,0.02734611044987105
38,0.027314540280494837
39,0.027284184983582236
40,0.027253858275944367
41,0.0272235589241609
42,0.027193293658201584
43,0.027239795864443295
44,0.02720849778794218
45,0.027178409086773173
46,0.027148349654162303
47,0.027118320388835854
48,0.02708832446078304
49,0.02713562164106406
50,0.027104587358771824
51,0.027074763107229956
52,0.027044975762837566
53,0.02701522073126398
54,0.026985492869862356
55,0.027033579886192455
56,0.027002815811429173
57,0.02697326678724494
58,0.02694374727725517
59,0.026914255060255528
60,0.026884792355122044
61,0.026933663463569246
62,0.026903168871649542
63,0.02687388724356424
64,0.026844632913707756
65,0.026815405443776398
66,0.026786210248828865
67,0.026835871203220448
68,0.026805647654691712
69,0.02677663145994302
70,0.026747643756680192
71,0.026718685906380414
72,0.02668976037763059
73,0.02674018972029444
74,0.026710215298226102
75,0.026681449087918738
76,0.02665270889585372
77,0.026624000150477514
78,0.02659531739191152
79,0.026646513072773815
80,0.026616799669573084
81,0.02658829410385806
82,0.02655981742660515
83,0.026531370896263978
84,0.026502950218273327
85,0.026554904519580303
86,0.026525444809230976
87,0.026497198132565247
88,0.026468980045756325
89,0.02644078849698417
90,0.026412620044429787
91,0.026465339206624777
92,0.026436134139075876
93,0.026408139064442365
94,0.026380170820630156
95,0.026352231209166348
96,0.02632431996637024
97,0.026377782532945274
98,0.026348825047025456
99,0.026321078800829126
100,0.02629335829813499
101,0.026265666084946133
102,0.026237999551813117
103,0.0262922258710023
104,0.026263523978414013
105,0.026236029709107243
106,0.026208562245592475
107,0.026181123068090527
108,0.026153715753462165
109,0.02620867391640786
110,0.026180207115830852
111,0.02615294693270698
112,0.026125718062394297
113,0.026098516371566804
114,0.026071342016221025
115,0.026127034571836703
116,0.026098811259143987
117,0.026071794091840274
118,0.026044803563854656
119,0.026017840761924163
120,0.02599090344738215
121,0.026047326163388788
122,0.026019353191950357
123,0.025992586297215892
124,0.02596584886603523
125,0.025939134276122787
126,0.025912446218426338
127,0.025969606770668178
128,0.02594187230919488
129,0.02591534216888249
130,0.025888837976381182
131,0.02586236438888591
132,0.025835916905198247
133,0.02589378970209509
134,0.02586628430406563
135,0.02583999006310478
136,0.02581372253189329
137,0.025787480433355086
138,0.025761263391468673
139,0.02581985441618599
140,0.025792583759175612
141,0.025766525958897547
142,0.02574049587128684
143,0.025714485591743143
144,0.025688497495139018
145,0.025747805180144495
146,0.025720771760097703
147,0.02569494363502599
148,0.025669137548538855
149,0.02564335943607148
150,0.025617606170126237
151,0.02567761606303975
152,0.02565080796426628
153,0.02562520487001166
154,0.025599621815490536
155,0.02557406105333939
156,0.025548527813516558
157,0.02560923391196411
158,0.025582648441777565
159,0.02555726547027007
160,0.025531905889511108
161,0.025506570638972336
162,0.025481261347886176
163,0.02554265667218715
164,0.02551629652560223
165,0.025491139633231796
166,0.025466006353963167
167,0.025440897791995667
168,0.02541581300320104
169,0.02547790403245017
170,0.02545176259998698
171,0.025426827307092024
172,0.02540191964711994
173,0.0253770361590432
174,0.025352175957523287
175,0.025414954531588593
176,0.025389035803382285
177,0.025364322243840432
178,0.02533963409194257
179,0.025314971914049238
180,0.02529033244936727
181,0.025353792848763986
182,0.025328095899894834
183,0.02530360957549419
184,0.02527914720703848
185,0.025254701056401246
186,0.02523027934890706
187,0.025294416325050407
188,0.02526893191272393
189,0.025244649914675392
190,0.025220390554168262
191,0.02519615351455286
192,0.025171940492582506
193,0.02523674948082771
194,0.02521148488856852
195,0.02518742214597296
196,0.02516338065965101
197,0.025139361881883815
198,0.025115369593258947
199,0.025180840341490693
200,0.025155781772918998
201,0.02513192780665122
202,0.0251080985867884
203,0.025084294533007777
204,0.025060511697665787
205,0.025126644417177886
206,0.02510179469594732
207,0.02507814846292604
208,0.02505452654149849
209,0.02503092795086559
210,0.025007350008818322
211,0.0250741464929888
212,0.025049510572571307
213,0.025026080369134434
214,0.025002671208931133
215,0.024979284584405834
216,0.024955919310450554
217,0.025023365729139185
218,0.024998937955242582
219,0.02497571241168771
220,0.024952503863023594
221,0.024929317656205967
222,0.02490615402639378
223,0.024974249045480974
224,0.024950029638712293
225,0.024927009253879077
226,0.024904009228339418
227,0.024881033035344443
228,0.02485807898803614
229,0.024926820314722136
230,0.02490280142519623
231,0.024879981650738046
232,0.02485718469484709
233,0.02483440718438942
234,0.024811653759679756
235,0.024881031712284313
236,0.024857209865003824
237,0.024834589717793277
238,0.02481198990077246
239,0.024789413840626367
240,0.024766862823162226
