1,0.7466740897276012
2,0.5931506671457166
3,0.5772282883881649
4,0.5646132043617955
5,0.554186275763895
6,0.5455148951493498
1,0.5481677639209581
2,0.524413800014869
3,0.5058713674525392
4,0.4896177044303935
5,0.4753540994322748
6,0.46287298473064725
1,0.8613729119034175
2,0.819654011683305
3,0.780293892292432
4,0.7472279478934329
5,0.7196933249780986
6,0.6969750774955504
1,0.497309579938589
2,0.4456004544757798
3,0.4314540746707383
4,0.42049340237992483
5,0.41112479624531567
6,0.40304118121771537
7,0.3960376143667061
8,0.3899465956447524
9,0.3846294981222948
10,0.37997143654572385
11,0.37587694628073387
12,0.3722663790815347
13,0.36907296286624663
14,0.3662404358131735
15,0.36372115505416985
16,0.3614745867135492
17,0.35946609732943796
18,0.357665981446699
19,0.3560486738243776
20,0.35459210626362947
21,0.3532771783572418
22,0.35208731869088644
23,0.3510081185305007
24,0.3500270241684918
25,0.349133077194559
26,0.34831669426852196
27,0.34756947970826574
28,0.3468840655206098
29,0.3462539745104595
30,0.3456735028862166
31,0.34513761939609916
32,0.344641878522689
33,0.3441823456617545
34,0.34375553253769037
35,0.3433583413775159
36,0.3429880165897901
37,0.34264210288278396
38,0.3423184089144171
39,0.34201497570002326
40,0.34173004911710936
41,0.34146205594220197
42,0.34120958293640363
43,0.3409713585656346
44,0.34074623700057993
45,0.34053318409171607
46,0.3403312650576952
47,0.34013963366203576
48,0.3399575226843541
49,0.33978423551914005
50,0.3396191387579766
51,0.3394616556307106
52,0.3393112601978854
53,0.3391674722011726
54,0.33902985249091666
55,0.3388979989605603
56,0.33877154292687855
57,0.3386501459028515
58,0.3385334967168165
59,0.3384213089374288
60,0.33831331856904645
61,0.33820928198657185
62,0.3381089740825972
63,0.3380121866030234
64,0.33791872665021055
65,0.3378284153352248
66,0.33774108656294155
67,0.33765658593567094
68,0.33757476976265016
69,0.3374955041641953
70,0.33741866426060496
71,0.33734413343700903
72,0.3372718026763696
73,0.33720156995368167
74,0.33713333968520887
75,0.33706702222725043
76,0.3370025334195334
77,0.33693979416885717
78,0.33687873006906693
79,0.3368192710538666
80,0.33676135107932614
81,0.33670490783328105
82,0.3366498824690918
83,0.33659621936151013
84,0.33654386588260293
85,0.3364927721959111
86,0.33644289106718445
87,0.33639417769021007
88,0.33634658952638863
89,0.3363000861568426
90,0.33625462914596566
91,0.3362101819154173
92,0.3361667096276654
93,0.33612417907826236
94,0.33608255859611785
95,0.33604181795109495
96,0.3360019282683281
97,0.33596286194869746
98,0.3359245925949708
99,0.3358870949431418
100,0.33585034479855574
101,0.33581431897643726
102,0.33577899524647337
103,0.3357443522811378
104,0.33571036960746137
105,0.3356770275619857
106,0.33564430724866157
107,0.33561219049946084
108,0.3355806598375075
109,0.3355496984425353
110,0.33551929011850284
111,0.33548941926320874
112,0.33546007083976126
113,0.3354312303497723
114,0.3354028838081479
115,0.3353750177193717
116,0.3353476190551653
117,0.3353206752334444
118,0.33529417409846923
119,0.33526810390211614
120,0.33524245328619356
121,0.3352172112657299
122,0.3351923672131742
123,0.3351679108434436
124,0.33514383219976973
125,0.33512012164028776
126,0.3350967698253231
127,0.3350737677053322
128,0.3350511065094535
129,0.3350287777346376
130,0.3350067731353136
131,0.3349850847135633
132,0.3349637047097743
133,0.3349426255937398
134,0.33492184005618
135,0.33490134100066427
136,0.33488112153590355
137,0.3348611749684008
138,0.33484149479543207
139,0.33482207469834363
140,0.33480290853614586
141,0.33478399033938827
142,0.33476531430430273
143,0.3347468747871944
144,0.3347286662990743
145,0.3347106835005171
146,0.33469292119673044
147,0.3346753743328316
148,0.33465803798931254
149,0.33464090737769103
150,0.3346239778363334
151,0.3346072448264441
152,0.33459070392821166
153,0.33457435083710335
154,0.33455818136030346
155,0.334542191413287
156,0.3345263770165214
157,0.33451073429229206
158,0.33449525946164504
159,0.33447994884144383
160,0.334464798841529
161,0.33444980596198415
162,0.33443496679049667
163,0.3344202779998142
164,0.3344057363452883
165,0.3343913386625049
166,0.33437708186499543
167,0.33436296294202805
168,0.33434897895647175
169,0.3343351270427348
170,0.3343214044047687
171,0.3343078083141431
172,0.33429433610817866
173,0.3342809851881457
174,0.33426775301751854
175,0.33425463712028686
176,0.3342416350793205
177,0.3342287445347879
178,0.33421596318262137
179,0.3342032887730342
180,0.3341907191090801
181,0.3341782520452603
182,0.33416588548617177
183,0.33415361738519694
184,0.3341414457432329
185,0.3341293686074598
186,0.3341173840701459
187,0.3341054902674867
188,0.33409368537848105
189,0.3340819676238378
190,0.33407033526491603
191,0.33405878660269595
192,0.33404731997677883
193,0.3340359337644164
194,0.33402462637956803
195,0.33401339627198384
196,0.3340022419263154
197,0.33399116186125044
198,0.33398015462867164
199,0.3339692188128396
200,0.33395835302959825
201,0.3339475559256019
202,0.3339368261775641
203,0.33392616249152723
204,0.3339155636021506
205,0.3339050282720198
206,0.33389455529097356
207,0.3338841434754489
208,0.33387379166784453
209,0.33386349873589927
210,0.33385326357209005
211,0.3338430850930434
212,0.33383296223896225
213,0.33382289397307124
214,0.33381287928107206
215,0.33380291717061544
216,0.33379300667078654
217,0.33378314683160454
218,0.33377333672353243
219,0.33376357543700236
220,0.333753862081951
221,0.33374419578736936
222,0.33373457570085985
223,0.3337250009882096
224,0.33371547083297043
225,0.3337059844360515
226,0.3336965410153214
227,0.33368713980522124
228,0.33367778005638604
229,0.3336684610352765
230,0.333659182023819
231,0.3336499423190552
232,0.33364074123280146
233,0.333631578091313
234,0.33362245223496
235,0.3336133630179102
236,0.33360430980781886
237,0.33359529198552673
238,0.3335863089447651
239,0.3335773600918688
240,0.3335684448454947
