1,1.3371438329418501
2,1.178665574292342
3,0.6075909892469644
4,0.27749429260691005
5,0.24844765356431406
6,0.23285951003432273
7,0.22457267045974733
8,0.21548752567420404
9,0.22811380037417014
10,0.20343248317639032
11,0.19487522897620996
12,0.1916352254897356
13,0.18659503494699797
14,0.18358988360812267
15,0.22839382328093052
16,0.19739992618560792
17,0.20095826723923285
18,0.19583918840934833
19,0.1972858757774035
20,0.21601894744982322
21,0.20267146257062754
22,0.20752171265582245
23,0.21051773760467768
24,0.21494773144523302
25,0.2192438470820586
26,0.22570770646135013
27,0.2293285657092929
28,0.23489959185322126
29,0.24198003431161244
30,0.24648127424220245
31,0.2525851219892502
32,0.2584011632700761
33,0.2632229766746362
34,0.2702555397152901
35,0.27645078147451085
36,0.282681586916248
37,0.28821989518900715
38,0.29479017056524753
39,0.30039003252983093
40,0.306526916300257
