0,1.248276369869709
1,0.9455494501193364
2,0.7527595829963684
3,0.6030967372904221
4,0.49689219444990157
5,0.42344347305595875
6,0.37212452446420985
7,0.33486668245246015
8,0.3064842221389214
9,0.28435470967243115
10,0.26652390730256836
11,0.25272307321429255
12,0.24059756202002366
13,0.2303805348649621
14,0.2222054926864803
15,0.21523665719355145
16,0.20877018603806693
17,0.20341888674224418
18,0.19735365244249503
19,0.19299436214069526
20,0.18824372328507402
21,0.18495434942034383
22,0.1809102707480391
23,0.17746523386177918
24,0.17441033935795228
25,0.17151093715801835
26,0.1692965254187584
27,0.16636501265844952
28,0.16368411684098344
29,0.16131056111305953
30,0.15908654674577216
31,0.1569959698834767
32,0.15498007707608244
33,0.15308576854256292
34,0.15123040997423232
35,0.1497901917155832
36,0.14816620437428354
37,0.14640905982814728
38,0.14601968283144137
39,0.14418021749084195
40,0.14243045363264778
41,0.14062345800921322
42,0.13910057502488296
43,0.137696330777059
44,0.13641783206878852
45,0.13511784149178616
46,0.13386618734182168
47,0.13263628758800527
48,0.13143782113523533
49,0.13034667753148824
50,0.13047933727192382
51,0.1290362348438551
52,0.12737579594676693
53,0.12622386023091772
54,0.1260326225729659
55,0.1258131455257535
56,0.12388516547779242
57,0.12263969126467904
58,0.12147661821451038
59,0.12051222100000207
60,0.11962301742595931
61,0.1187170274136588
62,0.11785223078448326
63,0.11700316543225199
64,0.11617097391281277
65,0.1153617395584782
66,0.11455794463244577
67,0.11376920355018229
68,0.11300967387699833
69,0.11226581070416917
70,0.11152473967832824
71,0.11079279112163931
72,0.11009606536477805
73,0.10937370159973701
74,0.1086751531685392
75,0.10803321500153591
76,0.10734840015104662
77,0.10849614040770879
78,0.12049276690930127
79,0.11538199487297485
