1,1.571290261472265
2,0.4068345830962062
3,0.3078796987608075
4,0.25820046227425336
5,0.2313921599276364
6,0.2153611690706263
7,0.20897419524068633
8,0.18916082608823975
9,0.1787440963493039
10,0.17332861005018155
11,0.16770293361973018
12,0.1561325760061542
13,0.15487381836554656
14,0.15040211868627618
15,0.1409112527112787
16,0.1353400169002513
17,0.13490826547223453
18,0.13327653153411423
19,0.12496637837029993
20,0.12072312094426403
21,0.11698869075005253
22,0.11889296321198345
23,0.11996099554079895
24,0.1150687696171614
25,0.11077382294849182
26,0.11636458744760603
27,0.10461808245551461
28,0.11496937246061861
29,0.10798222822602838
30,0.10115655412897467
31,0.10257615677391489
32,0.10507789707975462
33,0.10114564872346818
34,0.09748502506952111
35,0.09103665738056103
36,0.09957600364771982
37,0.09443932417314499
38,0.09696271642926149
39,0.10044855567781875
40,0.09214865217218175
