1,1.5469441789140304
2,0.4068199802314242
3,0.30772650629282
4,0.25805354203407965
5,0.231101048104465
6,0.21506990482099353
7,0.20853782506659627
8,0.1887243603511403
9,0.17816245368060965
10,0.1727469244413078
11,0.16697597482552132
12,0.15540583883722622
13,0.15400154382145653
14,0.14953005404677241
15,0.13989375558371345
16,0.13432277045678348
17,0.13374558900017292
18,0.1321136803746534
19,0.12365863075014204
20,0.11941550368908793
21,0.11553514566815769
22,0.1174400332585598
23,0.11836263604966613
24,0.11347054769595465
25,0.10903049706947059
26,0.11462095508157896
27,0.10272918398569648
28,0.11308026017077888
29,0.10594832775532267
30,0.09912262490950524
31,0.10039698146206016
32,0.10289848869860482
33,0.0988212493873046
34,0.09516000935924239
35,0.08856674271402881
36,0.09710651167978843
37,0.0918252922668277
38,0.09434721705697788
39,0.09768927722548446
40,0.08938757331459783
