1,488.30643153699555
2,482.58774710719416
3,477.3164524523104
4,471.3452275218243
5,467.2874562932157
6,462.7595553092769
7,459.081468403633
8,454.8676081815572
9,452.05285544309316
10,448.7718043335161
11,445.53176804716367
12,442.4492981257697
13,439.61366109112015
14,436.9413513784925
15,434.19061539873894
16,431.51965702852397
17,429.155805565845
18,426.5778492393556
19,424.0293213792622
20,421.8246903944094
21,419.5416437158444
22,417.323995054649
23,415.2573542853294
24,412.90759693264766
25,410.79658165040667
26,408.7160854997306
27,406.6635350319748
28,404.62679006391755
29,402.7621297100299
30,400.7460108163517
31,398.87180021439474
32,396.7919125110645
33,395.06805349766523
34,393.1441732572609
35,391.2364633744965
36,389.45743088495163
37,387.7271167272809
38,385.8866279990411
39,384.38667089402776
40,382.50798287728344
41,380.8940688260083
42,379.1704003846117
43,377.4609856065271
44,376.1165268370279
45,374.3520912709103
46,372.6871368959424
47,371.0260649682657
48,369.50270639303676
49,368.0111400184569
