1,0.9329894326003314
2,0.8550532389744162
3,0.710632289865334
4,0.6891902949422452
5,0.6693861420910151
6,0.6586046781641705
7,0.6476926076392626
8,0.6341774218971115
9,0.6249337774290045
10,0.6096173858114065
11,0.6072587984536082
12,0.6008007278779066
13,0.5919744086578758
14,0.5858670640950916
15,0.5795938354016134
16,0.5756648063953287
17,0.5732583958037772
18,0.5674161450518371
19,0.5632152135540504
20,0.5585112949995376
21,0.5514433729433269
22,0.546502508651251
23,0.5415016676992032
24,0.5396052740869068
25,0.5392477428188857
26,0.5312030399569933
27,0.5276019463593933
28,0.5221840753441765
29,0.5172264926832885
30,0.5170203718939438
31,0.5120363711136315
32,0.51143809184065
33,0.5082886334514775
34,0.5038790351945192
35,0.505622226616432
36,0.4970217951021367
37,0.4946645292742499
38,0.4924024140893532
39,0.4906640767268164
40,0.4850899228713
41,0.48499731149383757
42,0.48239943551508274
43,0.47849682130054105
44,0.4803287806279945
45,0.47230566663695084
46,0.47123606642478794
47,0.4679938955553647
48,0.46456231375045964
49,0.46754103943044917
50,0.46141601000317606
51,0.45732680662903685
52,0.45363021797343034
53,0.45417289609588035
54,0.4508995282630419
55,0.4486492767514071
56,0.44654419479894714
57,0.44372844539448153
