1,0.12496044557494453
2,0.011669303797468354
3,0.011669303797468354
4,0.011669303797468354
5,0.011669303797468354
6,0.011669303797468354
7,0.011669303797468354
8,0.011669303797468354
9,0.011669303797468354
10,0.011669303797468354
11,0.011669303797468354
12,0.011669303797468354
13,0.011669303797468354
14,0.011669303797468354
15,0.011669303797468354
16,0.011669303797468354
17,0.011669303797468354
18,0.011669303797468354
19,0.011669303797468354
20,0.011669303797468354
21,0.011669303797468354
22,0.011669303797468354
23,0.011669303797468354
24,0.011669303797468354
25,0.011669303797468354
26,0.011669303797468354
27,0.011669303797468354
28,0.011669303797468354
29,0.011669303797468354
30,0.011669303797468354
31,0.011669303797468354
32,0.011669303797468354
33,0.011669303797468354
34,0.011669303797468354
35,0.011669303797468354
36,0.011669303797468354
37,0.011669303797468354
38,0.011669303797468354
39,0.011669303797468354
40,0.011669303797468354
