1,30.829745116623535
2,0.024965726106201916
3,0.02681661309148952
4,0.24695395644806803
5,0.33758946730149997
6,0.900468311652584
7,0.4380363242190431
8,0.35465098884633756
9,0.06153251030000633
10,0.05610241332730114
11,0.4200256294990137
12,0.1544572413467242
13,0.3028465607225845
14,-0.01796084111270948
15,0.19813396197554595
16,0.022700376903202913
17,-0.20258217040178192
18,-0.11872427527064822
19,0.06460562697344127
20,0.03640357213062716
21,0.017483079126211762
22,0.06778658485357646
23,-0.05348090469253774
24,-0.04466867935130109
25,-0.1571925534988072
26,-0.17440352536215165
27,-0.16728820428930194
28,-0.1701652044805045
29,-0.18403136286656177
30,-0.08547939593864469
31,-0.12035769809410332
32,-0.29328050415416984
33,-0.3508104730497375
34,-0.28435097377875757
35,-0.3126415428179191
36,-0.28586686549215823
37,-0.2411102744932661
38,-0.3056686885264199
39,-0.36650288128383257
40,-0.42374760380917553
41,-0.4400726240806253
42,-0.43561031870451183
43,-0.4440352351822216
44,-0.4371956856555566
45,-0.23005150827325851
