1,0.4218336616667751
2,0.3552416205063634
3,0.24946022086502034
4,0.24132241096019288
5,0.20693226502601672
6,0.19345005047846572
7,0.1789360773817447
8,0.1644425971355018
9,0.189457967777476
10,0.1714965659711096
11,0.17553556147406155
12,0.15787490466573914
13,0.15434812541722795
14,0.1518528961373129
15,0.14476253075874856
16,0.13540865015595352
17,0.14097954709639496
18,0.13668885242579312
19,0.1330136673103918
20,0.13024295539634437
21,0.13702198572571023
22,0.12725669493135136
23,0.11978575622241844
24,0.11636467762220065
25,0.12439508905270319
26,0.12245871589101594
27,0.11668588637135266
28,0.12281141958959486
29,0.11300828371382536
30,0.115374773448169
31,0.11226998016209666
32,0.11312639377154839
33,0.11005605709421452
34,0.10858018946088137
35,0.10744022200833221
36,0.1046687443080533
37,0.10473700542131374
38,0.10070652840480608
39,0.09832278103835282
40,0.10214456578295578
41,0.10187918312447966
42,0.09796284328275486
43,0.09969861163861221
44,0.10063434380438478
45,0.10122670075531436
