1,1.5710801300406456
2,0.37390092181041834
3,0.2889527221707006
4,0.245781190029035
5,0.21902704214677216
6,0.20015477245363097
7,0.18401593031051258
8,0.17202088091988116
9,0.163924322820579
10,0.151386344867448
11,0.1426364409038797
12,0.14139829616683225
13,0.13819170584979779
14,0.13026951966419195
15,0.12567715037148447
16,0.11917446982581169
17,0.11875030378811062
18,0.11678224904928357
19,0.10967693937166284
20,0.11343402597121895
21,0.10291903300831716
22,0.10380433674746503
23,0.1037037593673449
24,0.09993656479055062
25,0.09874404628450671
26,0.09906603400905926
27,0.09311350041845193
