1,89.395
2,91.465
3,92.71
4,93.54
5,94.085
6,94.56
7,94.395
8,95.075
9,95.225
10,95.235
11,95.42
12,95.235
13,95.7
14,95.565
15,95.465
16,96.115
17,95.96
18,95.965
19,95.995
20,96.14
21,96.185
22,96.245
23,96.44
24,96.25
25,96.18
26,96.385
27,96.415
28,96.59
29,96.55
30,96.445
31,96.505
32,96.55
33,96.585
34,96.7
35,96.76
36,96.705
37,96.6
38,96.875
39,96.7
40,96.82
41,96.74
42,96.97
43,96.64
44,96.645
45,97.0
46,96.725
47,96.855
48,97.115
49,96.84
50,97.03
51,97.08
52,97.17
53,96.945
54,97.025
55,96.995
56,96.95
57,97.035
58,97.045
59,96.96
60,97.14
61,97.045
62,97.065
63,96.795
64,96.96
65,97.145
66,97.225
67,96.995
68,97.085
69,97.24
70,97.04
71,97.215
72,97.19
73,97.23
74,97.15
75,97.205
76,97.085
77,97.105
78,97.18
79,97.17
80,97.125
