1,22.18004643047539
2,0.10433684146652619
3,14.501124109141529
4,14.526699940363565
5,28.947569975852968
6,28.94028028090795
7,43.34494541327159
8,43.35685046037038
9,57.756569970448815
10,57.751888573964436
11,72.14633502960206
12,72.1533692073822
13,86.49871222178142
14,86.51098728815714
15,100.90451324780783
16,100.87135080655416
17,115.22557406743367
18,115.23271602630615
19,129.59816846847534
20,129.50900953292847
21,143.8695331700643
22,143.86690410614014
23,158.1880102411906
24,158.13410866419474
25,172.44037573496502
26,172.40878703435263
27,186.72428806940715
28,186.5741598065694
29,200.94410376230874
30,200.92030362447102
31,215.15706609090168
32,215.1562300046285
33,229.41263757069905
34,229.39984577178956
35,243.68911014556886
36,243.74886807759603
37,258.06995942433673
38,257.9863321177165
39,272.35493319193523
40,272.2719084294637
41,286.5435306549072
42,286.52197691599525
43,300.63178052266437
44,300.6298486073812
45,314.8526527786255
46,314.7106688563029
47,328.8837557220459
48,328.5872939300537
49,342.96017592112224
50,342.6943473561605
51,356.7976096343994
52,356.8186796061198
53,370.71164222717283
54,370.69975605010984
55,384.7226888020833
56,384.5933528518677
57,398.6393327331543
58,398.4662812805176
59,412.5665206654867
60,412.5264550272624
61,426.51389078776043
62,426.3051972579956
63,440.2836533610026
64,440.23459781646727
65,454.1188806406657
66,454.1452837880452
67,467.89153877258303
68,467.7484729766846
69,481.88738866170246
70,481.3977900695801
71,495.3765689341227
72,495.26236282348634
73,509.0776657104492
74,508.61413780212405
75,522.6187394460043
76,522.4059243774414
77,535.9887176005045
78,535.7796042633057
79,549.5728878529867
80,549.2760093180339
