1,1.5932601660490036
2,0.37400525843103727
3,0.30345384697119393
4,0.2603078905430933
5,0.24797461320335668
6,0.22909505385905504
7,0.22736087787275513
8,0.2153777336018781
9,0.22168089534466465
10,0.20913823614517849
11,0.2147827790491283
12,0.2135516689531505
13,0.22469042253990967
14,0.2167805108924707
15,0.2265816684688131
16,0.22004582512502868
17,0.23397588356708487
18,0.2320149705124398
19,0.2392751137477656
20,0.24294304110109807
21,0.24678857281183203
22,0.24767124791319173
23,0.2618917770559589
24,0.2580706810206175
25,0.27118442982435226
26,0.2714748291422923
27,0.2798377976194024
