1,59.32224983215332
2,54.14270774841309
3,48.33850936889648
4,42.535815200805665
5,36.73474174499512
6,30.93633590698242
1,36.60525806427002
2,32.84362161636353
3,28.699548225402832
4,24.555462608337404
5,20.411381225585938
6,16.267306547164917
1,21.737405834197997
2,18.56758060455322
3,15.163536310195923
4,11.763746395111085
5,8.370200138092041
6,4.984532632827759
1,17.178132438659667
2,12.152713098526
3,6.9307976341247555
4,1.8333916593162576
5,0.23790414111688732
6,0.2373927726657712
7,0.2368891969960532
8,0.23637581060669619
9,0.23586653395846952
10,0.2353580903550028
11,0.2348505284253042
12,0.23434388526715338
13,0.23384088434067962
14,0.23333210810058516
15,0.2328274404272088
16,0.23232365921947348
17,0.23182077742589172
18,0.23131875021819723
19,0.23081638229064994
20,0.2303122586711106
21,0.2298122093969141
22,0.2293130838214711
23,0.22881479552837847
24,0.22831733856233768
25,0.22781577499757988
26,0.22731635175296105
27,0.22682091580791167
28,0.22632636131922482
29,0.22583266771689522
30,0.225339787719422
31,0.22483906305598794
32,0.22434405191190307
33,0.22385309481353033
34,0.22336302606505343
35,0.22287375106156104
36,0.22238537095719949
37,0.22188556661945769
38,0.22139500376360957
39,0.22090850258246064
40,0.2204228849255014
41,0.21993807740625926
42,0.2194541068963008
43,0.21895533429953504
44,0.21846935544424922
45,0.21798733714938862
46,0.21750616393779637
47,0.2170257814924116
48,0.2165462664933875
49,0.21604867133573863
50,0.2155669982722611
51,0.21508937012229581
52,0.21461257763643515
53,0.21413659450307024
54,0.21366141284175683
55,0.21316502001252957
56,0.2126877676526783
57,0.21221453129081055
58,0.2117421104782261
59,0.21127045496134086
60,0.2107996572268894
61,0.2103046914767765
62,0.20983179267743254
63,0.20936289218036108
64,0.20889480475932942
65,0.20842751069983934
66,0.20796098802878987
67,0.20746737948007649
68,0.2069988323605503
69,0.20653428496356355
70,0.20607055334578037
71,0.20560758653125957
72,0.20514543854485964
73,0.20465341027913383
74,0.20418904916834435
75,0.20372869488026482
76,0.20326910186631722
77,0.20281035891064675
78,0.2023523573874263
79,0.2018619127346028
80,0.20140196522785117
81,0.2009459291501844
82,0.2004906335886335
83,0.200036160016316
84,0.19958244889014168
85,0.19909379899094348
86,0.19863792620337337
87,0.1981860226840945
88,0.19773491828702391
89,0.19728456197772176
90,0.1968349777572439
91,0.19634806134970859
92,0.19589639895712024
93,0.19544870301382616
94,0.19500176298606675
95,0.19455552695901132
96,0.19411010781070218
97,0.19362503825046587
98,0.19317750985908788
99,0.1927339699061122
100,0.19229115835740232
101,0.19184911818651018
102,0.19140782240079715
103,0.1909246604202781
104,0.19048123844375367
105,0.19004180693998932
106,0.1896030930156121
107,0.18916512449504808
108,0.18872789196146186
109,0.18824679968005512
110,0.1878074848355027
111,0.18737204075907357
112,0.18693740626506042
113,0.18650350727082696
114,0.18607026879850308
115,0.18559127318731045
116,0.18515600565820933
117,0.18472459252981935
118,0.18429390245117247
119,0.18386394126573577
120,0.18344873634341638
121,0.18300151437812018
122,0.1825998143851757
123,0.18220196222129745
124,0.1818047577899415
125,0.181408206516644
126,0.1810123059124453
127,0.18056693002581597
128,0.18016873148793822
129,0.17977440218441187
130,0.17938070954289287
131,0.17898762623255607
132,0.17859519816294778
133,0.1781517541507492
134,0.17775718346354552
135,0.17736639959912281
136,0.17697623267071322
137,0.17658670657139738
138,0.176197790314327
139,0.1757563324965304
140,0.17536523489980027
141,0.17497796075767838
142,0.1745913458277937
143,0.17420535072917118
144,0.17381998767785262
145,0.17338056645763572
146,0.17299293844145722
147,0.1726091264851857
148,0.17222591422323602
149,0.17184332042117603
150,0.17146138055832125
151,0.1710240707732737
152,0.17063993030576965
153,0.17025956694211344
154,0.16987977123877498
155,0.16950064059346914
156,0.16912209540023468
157,0.16868688196700532
158,0.1683061605854891
159,0.16792927069356664
160,0.1675529860460665
161,0.16717726764560212
162,0.16680214172811247
163,0.16636924284568522
164,0.16599196321330964
165,0.16561844079056753
166,0.16524559694516938
167,0.16487326710659544
168,0.16450151401222685
169,0.16407082131423523
170,0.16369690674357115
171,0.16332672998483758
172,0.16295713200292083
173,0.16258816422196104
174,0.1622197783103911
175,0.16179134448815602
176,0.1614207439281745
177,0.16105392002617008
178,0.16068768703960815
179,0.16032202887581662
180,0.15995690378069413
181,0.15953080255188978
182,0.15916349195642396
183,0.1587999522947939
184,0.1584369627502747
185,0.15807455132249743
186,0.15771274458093104
187,0.15728902227943764
188,0.15692496858944652
189,0.1565647301939316
190,0.1562050525005907
191,0.15584590508544352
192,0.15548731769784355
193,0.15506601594795938
194,0.15470518878777512
195,0.1543481031380361
196,0.1539915870281402
197,0.15363564248022157
198,0.15328024238580837
199,0.15286135691043456
200,0.15250368745531886
201,0.15214978828036693
202,0.1517964313738048
203,0.15144365140527952
204,0.1510914110316662
205,0.1506749802455306
206,0.15032051678805147
207,0.14996977737755515
208,0.1496196122415131
209,0.14926999564515428
210,0.14892090473033023
211,0.14850700955139473
212,0.14815570990729612
213,0.1478081246209331
214,0.14746110099193174
215,0.14711459004087374
216,0.14677937624568585
217,0.14638894235249608
218,0.14606154923094436
219,0.14573791314440313
220,0.14541475537815132
221,0.14509202817513142
222,0.1447698389540892
223,0.1443817772966577
224,0.14405722811468877
225,0.1437363727466436
226,0.14341604531975463
227,0.14309615805454087
228,0.14277674666489473
229,0.14239104232692626
230,0.14206930994114372
231,0.1417512866028119
232,0.14143375555751844
233,0.1411166672874242
234,0.14080005631665699
235,0.14041673088562676
236,0.1400977940368466
237,0.1397825645597186
238,0.13946779420715757
239,0.13915345675428398
240,0.13883963761152698
