1,0.9702118591783103
2,0.7246841052392492
3,0.6817723788455275
4,0.6459581747352705
5,0.6160376937496548
6,0.5911921245994503
1,0.7612466982957771
2,0.7345376579962649
3,0.7014721574887957
4,0.675011730223628
5,0.6538556585511692
6,0.6368863626346992
1,0.8152743351794879
2,0.7770537412824312
3,0.7458852145466094
4,0.719923018542717
5,0.698335046817989
6,0.680449289750561
1,1.1024253293495134
2,0.7238736752003571
3,0.6865983693523581
4,0.6549732078190716
5,0.6293600400139847
6,0.6088124435020098
7,0.5923736488194281
8,0.5791878378274037
9,0.5685435725503618
10,0.559876418932729
11,0.5527503480113576
12,0.5468327368758886
13,0.5418706951315013
14,0.537671489049158
15,0.5340873676917122
16,0.5310041702720075
17,0.5283328969632965
18,0.5260035037781982
19,0.5239603325875084
20,0.5221587329390575
21,0.5205625507977538
22,0.5191422490359878
23,0.5178734901789988
24,0.5167360592288037
25,0.5157130382581595
26,0.5147901686715888
27,0.5139553543572817
28,0.5131982713976414
29,0.5125100589825013
30,0.5118830726764929
31,0.511310685935353
32,0.510787129243167
33,0.5103073588066581
34,0.5098669486449786
35,0.5094620013335398
36,0.509089073727246
37,0.5087451147950977
38,0.5084274133119174
39,0.5081335536231479
40,0.5078613780612047
41,0.5076089548732593
42,0.5073745507401961
43,0.507156607139379
44,0.5069537199407151
45,0.5067646217345121
46,0.5065881664769618
47,0.5064233161095257
48,0.5062691288655742
49,0.506124749024203
50,0.5059893979092862
51,0.5058623659632513
52,0.5057430057510764
53,0.5056307257716027
54,0.5055249849713223
55,0.5054252878709047
56,0.5053311802274477
57,0.5052422451661838
58,0.5051580997244441
59,0.505078391758431
60,0.5050027971699023
61,0.5049310174155164
62,0.504862777266383
63,0.5047978227895069
64,0.5047359195263664
65,0.5046768508469417
66,0.5046204164601515
67,0.50456643106396
68,0.5045147231204149
69,0.504465133742594
70,0.5044175156819692
71,0.5043717324059993
72,0.5043276572569196
73,0.5042851726837109
74,0.5042441695401041
75,0.5042045464422669
76,0.5041662091804919
77,0.5041290701798178
78,0.5040930480050395
79,0.5040580669060452
80,0.5040240563998135
81,0.5039909508858047
82,0.5039586892917793
83,0.5039272147473837
84,0.5038964742830986
85,0.5038664185523826
86,0.5038370015750403
87,0.5038081805000402
88,0.503779915386163
89,0.5037521689990233
90,0.5037249066231194
91,0.5036980958877193
92,0.5036717066054517
93,0.5036457106226252
94,0.5036200816803305
95,0.5035947952855043
96,0.5035698285911743
97,0.5035451602851923
98,0.5035207704868034
99,0.5034966406504651
100,0.5034727534763723
101,0.5034490928271905
102,0.5034256436505408
103,0.5034023919068095
104,0.5033793245019047
105,0.5033564292245934
106,0.5033336946880933
107,0.5033111102756146
108,0.5032886660895735
109,0.5032663529042126
110,0.5032441621213961
111,0.5032220857293503
112,0.5032001162641513
113,0.5031782467737633
114,0.503156470784459
115,0.50313478226945
116,0.5031131756195851
117,0.5030916456159701
118,0.5030701874043805
119,0.5030487964713471
120,0.5030274686218007
121,0.5030061999581709
122,0.5029849868608476
123,0.5029638259699053
124,0.5029427141680121
125,0.5029216485644491
126,0.502900626480155
127,0.5028796454337435
128,0.5028587031284154
129,0.5028377974397196
130,0.5028169264040969
131,0.5027960882081656
132,0.5027752811786901
133,0.5027545037732011
134,0.5027337545712114
135,0.5027130322660006
136,0.5026923356569261
137,0.5026716636422267
138,0.5026510152122897
139,0.5026303894433499
140,0.5026097854915953
141,0.5025892025876487
142,0.5025686400314074
143,0.5025480971872137
144,0.5025275734793364
145,0.5025070683877461
146,0.50248658144416
147,0.5024661122283454
148,0.502445660364661
149,0.5024252255188262
150,0.5024048073948919
151,0.5023844057324204
152,0.5023640203038384
153,0.5023436509119715
154,0.5023232973877344
155,0.5023029595879772
156,0.5022826373934705
157,0.5022623307070266
158,0.5022420394517433
159,0.5022217635693643
160,0.5022015030187523
161,0.5021812577744608
162,0.502161027825404
163,0.502140813173616
164,0.5021206138330959
165,0.5021004298287293
166,0.5020802611952849
167,0.5020601079764817
168,0.5020399702241185
169,0.5020198479972665
170,0.5019997413615171
171,0.5019796503882837
172,0.5019595751541526
173,0.501939515740281
174,0.5019194722318406
175,0.5018994447174966
176,0.5018794332889311
177,0.5018594380403981
178,0.5018394590683135
179,0.5018194964708755
180,0.501799550347716
181,0.5017796207995764
182,0.5017597079280098
183,0.5017398118351122
184,0.5017199326232646
185,0.5017000703949079
186,0.5016802252523287
187,0.5016603972974678
188,0.5016405866317442
189,0.5016207933558929
190,0.5016010175698218
191,0.5015812593724768
192,0.5015615188617242
193,0.5015417961342417
194,0.5015220912854229
195,0.5015024044092901
196,0.5014827355984175
197,0.5014630849438629
198,0.5014434525351088
199,0.5014238384600082
200,0.501404242804741
201,0.5013846656537745
202,0.5013651070898308
203,0.501345567193859
204,0.5013260460450144
205,0.5013065437206403
206,0.5012870602962557
207,0.5012675958455454
208,0.5012481504403572
209,0.5012287241506973
210,0.501209317044734
211,0.5011899291888005
212,0.5011705606474034
213,0.5011512114832294
214,0.5011318817571602
215,0.5011125715282826
216,0.5010932808539063
217,0.5010740097895784
218,0.5010547583891041
219,0.5010355267045649
220,0.5010163147863383
221,0.5009971226831222
222,0.5009779504419553
223,0.5009587981082414
224,0.5009396657257741
225,0.5009205533367597
226,0.500901460981845
227,0.5008823887001409
228,0.5008633365292487
229,0.5008443045052886
230,0.5008252926629225
231,0.5008063010353839
232,0.5007873296545031
233,0.5007683785507336
234,0.5007494477531809
235,0.5007305372896264
236,0.5007116471865573
237,0.5006927774691888
238,0.5006739281614973
239,0.500655099286238
240,0.5006362908649789
