1,1.0295341193675995
2,0.7788268093764782
3,0.7301108853518963
4,0.6884939900413155
5,0.6527724356576801
6,0.6221284660324454
1,0.7978519591689109
2,0.767381284609437
3,0.7301717137545347
4,0.6995671881735325
5,0.6742670426517725
6,0.6531536675989628
1,0.8370117405056954
2,0.7956213172525167
3,0.7610487533360719
4,0.7316867670044302
5,0.7067052399367094
6,0.68543382499367
1,1.1196034606173635
2,0.7360263852030039
3,0.6935291657596827
4,0.6568066071905195
5,0.6295979459583759
6,0.609049835652113
7,0.5926105419546366
8,0.5794242095947265
9,0.5687794396653771
10,0.5601117772050201
11,0.5529851992987096
12,0.547067085634917
13,0.54210453806445
14,0.5379048228636384
15,0.5343201965838671
16,0.5312364876642823
17,0.5285647175833583
18,0.5262348204664886
19,0.5241911530029029
20,0.5223890492040664
21,0.5207923651486636
22,0.5193715593777597
23,0.5181023064628243
24,0.5169643757399172
25,0.5159408544469625
26,0.5150174836162478
27,0.5141821776609867
28,0.5134245963953435
29,0.5127358950488269
30,0.5121084104571492
31,0.5115355247911065
32,0.511011473746039
33,0.5105312111461535
34,0.5100903140427545
35,0.5096848747646436
36,0.5093114602658898
37,0.5089670021645725
38,0.5086488091014325
39,0.5083544603642076
40,0.5080818031355738
41,0.5078288891259581
42,0.5075940035376698
43,0.5073755574319512
44,0.5071721921022981
45,0.5069826129544527
46,0.506805671802722
47,0.5066403402853757
48,0.5064856783812866
49,0.5063407953036949
50,0.5062049637176096
51,0.5060774552216754
52,0.5059576197434217
53,0.5058448672387749
54,0.5057386459363624
55,0.5056384521443397
56,0.5055438679456711
57,0.5054544628411531
58,0.5053698427928611
59,0.5052896608016454
60,0.505213596096728
61,0.5051413225592114
62,0.5050726115424186
63,0.5050071829371154
64,0.5049448081757874
65,0.5048852762812749
66,0.5048283762717619
67,0.5047738947020843
68,0.5047217195527628
69,0.5046716688550077
70,0.5046235866378993
71,0.5045773401856423
72,0.504532800023444
73,0.5044898305367679
74,0.5044483562372625
75,0.5044082729564979
76,0.5043694808380679
77,0.5043318787869066
78,0.5042953997827135
79,0.5042599318432621
80,0.5042254625959322
81,0.5041918966942467
82,0.5041591792483814
83,0.5041272457991727
84,0.5040960612660274
85,0.5040655125374905
86,0.5040356374438852
87,0.5040063649695367
88,0.5039776514540426
89,0.5039494499610737
90,0.5039217391284183
91,0.5038944452302531
92,0.5038676004903391
93,0.5038411561283282
94,0.5038150870590471
95,0.503789351338055
96,0.5037639377219603
97,0.5037387834931724
98,0.5037139488500543
99,0.5036893740086816
100,0.5036650399677456
101,0.503640942228958
102,0.5036170476512052
103,0.5035933189536445
104,0.503569803996943
105,0.5035464693163522
106,0.5035232990118675
107,0.5035002720728516
108,0.5034773891535588
109,0.5034545990731567
110,0.5034319673082791
111,0.5034094539983198
112,0.5033870535669849
113,0.503364751546178
114,0.5033425370161422
115,0.5033203714014962
116,0.5032983291218989
117,0.5032763670454733
118,0.5032544791908004
119,0.5032326603797265
120,0.503210915720556
121,0.5031892038602382
122,0.5031675831414759
123,0.5031460303929635
124,0.5031245187739841
125,0.5031030577630736
126,0.5030816394207068
127,0.503060212447308
128,0.5030388723569922
129,0.503017571370583
130,0.5029963068547658
131,0.5029750802833587
132,0.5029538716515526
133,0.5029326495202259
134,0.5029115080693737
135,0.5028904008213431
136,0.502869315831922
137,0.5028482537181117
138,0.5028272125287913
139,0.5028061437513679
140,0.5027851493959316
141,0.5027641771081836
142,0.502743226964958
143,0.502722298419103
144,0.5027013935055584
145,0.5026804502098821
146,0.502659573587589
147,0.5026387207582593
148,0.5026178844552487
149,0.502597071423661
150,0.5025762681057677
151,0.5025554297771305
152,0.5025346594071016
153,0.5025139063596725
154,0.5024931768444367
155,0.5024724609754049
156,0.5024517589365132
157,0.5024310192721896
158,0.502410346979741
159,0.5023896927619353
160,0.5023690574592911
161,0.5023484371299856
162,0.5023278347728773
163,0.5023071832209826
164,0.502286603122484
165,0.5022660479927435
166,0.5022455056128092
167,0.5022249759361148
168,0.5022044690791517
169,0.5021839161030948
170,0.5021634385106154
171,0.5021429800335317
172,0.5021225320757366
173,0.5021021000179462
174,0.5020816932106391
175,0.5020612321491353
176,0.5020408518216573
177,0.5020204921462573
178,0.5020001478050835
179,0.5019798181136139
180,0.5019595109438524
181,0.5019391551567242
182,0.5019188729044981
183,0.501898613392841
184,0.5018783695856109
185,0.5018581451871432
186,0.5018379366863519
187,0.5018176883785054
188,0.5017975101922638
189,0.5017773537151515
190,0.5017572248983196
191,0.5017371028894558
192,0.5017170101497322
193,0.5016968625015579
194,0.5016767952498049
195,0.5016567527782172
196,0.5016367281298153
197,0.5016167205222882
198,0.5015967352734879
199,0.5015767026529647
200,0.5015567471669056
201,0.5015368165029213
202,0.5015169064677321
203,0.5014970127097331
204,0.5014771391218528
205,0.501457218020223
206,0.5014373844792135
207,0.5014175658649765
208,0.5013977709412575
209,0.5013779961294494
210,0.5013582385401242
211,0.501338436959777
212,0.5013187156105414
213,0.50129901524866
214,0.5012793383002281
215,0.5012596849258989
216,0.5012400643806905
217,0.5012203965266235
218,0.5012008225056342
219,0.5011812643916346
220,0.5011617278819904
221,0.5011422107042744
222,0.5011227168166079
223,0.5011031814967282
224,0.5010837252112106
225,0.5010642881318926
226,0.5010448740795255
227,0.5010254863626323
228,0.5010061119962483
229,0.500986692989245
230,0.5009673625114374
231,0.5009480532025918
232,0.5009287658985704
233,0.5009094944689423
234,0.5008902502735145
235,0.5008709545107558
236,0.5008517447207123
237,0.50083255718695
238,0.5008133965637535
239,0.50079425126547
240,0.500775130155962
