1,0.41396460993308215
2,0.3082955360298413
3,0.3906956083815673
4,0.2335496529993883
5,0.21575835038875713
6,0.1925673869106619
7,0.17438141335786758
8,0.1647403013332251
9,0.18621260782710894
10,0.1719556375338885
11,0.158019475995695
12,0.1565677328855941
13,0.1491996529244486
14,0.14375969128847352
15,0.1349670386006092
16,0.12898554113404503
17,0.13960772313862696
18,0.13128179727100778
19,0.12704895891363366
20,0.12572972849725078
21,0.12095542693817524
22,0.1187301579563097
23,0.11184113695361149
24,0.10988572204192937
25,0.1192878337998043
26,0.11827119277840145
27,0.11090548599845376
28,0.11040999770335767
29,0.110416312912529
30,0.10593647728192396
31,0.10992801177647264
32,0.1107348669034882
33,0.10665678979393622
34,0.11377151964153823
35,0.10121265327079772
36,0.09907557583017938
37,0.10067377883184458
38,0.09632938226392329
39,0.09327503800449244
40,0.099222124293732
41,0.09667206297974705
42,0.09827822598475264
43,0.09547703469821549
44,0.09569394271249858
45,0.09420336491403337
