1,2434.6088857908794
2,1.4602994940429925
3,15.319226728280386
4,14.692045905590057
5,29.111200640996298
6,29.126449464162192
7,43.63701821962992
8,43.6466072622935
9,58.16425902366638
10,58.16857402960459
11,72.69586491266887
12,72.67371095021566
13,87.22746350288391
14,87.20647274653116
15,101.74972472508749
16,101.72462770144145
17,116.26766724904378
18,116.28510602315266
19,130.7747802289327
20,130.76172657012938
21,145.35451153437296
22,145.2930055809021
23,159.83593106587728
24,159.82219954808554
25,174.33260952631633
26,174.36323574066162
27,188.889853293101
28,188.9112367630005
29,203.39003833770752
30,203.3929421933492
31,217.91754567464193
32,217.94085890452067
33,232.43994447072347
34,232.5015786997477
35,246.99147360483806
36,246.94920954386393
37,261.4031968434652
38,261.5499417622884
39,275.92786211649576
40,276.1079075495402
