1,1.653056146229307
2,0.38250389649222294
3,0.2806959759319822
4,0.24242827360828717
5,0.21478005323559046
6,0.19841110269228618
7,0.18294447562657296
8,0.1711433153071751
9,0.1616783495231842
10,0.1589394279119248
11,0.15701744858175515
12,0.14471778641610095
13,0.14279339817042153
14,0.13274025367262463
15,0.12678613044476758
16,0.12944958071845272
17,0.12426796467586732
18,0.12142282179634398
19,0.11530238248330231
20,0.11245990873974127
21,0.10889059291298811
22,0.1142424675473012
23,0.11075384360427658
24,0.11131457674549892
25,0.11366555617811779
26,0.11121794424951076
27,0.10442785536404699
28,0.09997812140267343
29,0.10716693268972449
30,0.09525338509663318
31,0.09878375533774185
32,0.08895035762533855
33,0.08696825961427142
34,0.08250004565692506
35,0.10090951115009375
36,0.08532479019796786
37,0.09434965976513922
38,0.09189809566169667
39,0.09662425380432978
40,0.0903513130673673
41,0.07989490985365895
42,0.07366959928845365
43,0.08939373713180733
44,0.08487245257070754
45,0.0853624573823375
46,0.07599977316296039
47,0.08017221645646108
48,0.09362586942501366
49,0.0907329904648941
50,0.07745117267128081
51,0.07064412479521706
52,0.07064502508651155
53,0.07809388793364633
54,0.0689733594826733
55,0.07840207647842666
56,0.07126257083165304
57,0.06634151212036765
58,0.07096764344760838
59,0.06997988667707734
60,0.07895180921904588
61,0.08117884900071658
62,0.07819159013413203
63,0.07765566116043678
64,0.07751299470721279
65,0.08065409275897158
66,0.0742206230586938
67,0.07904753088077995
68,0.07854996689149023
69,0.0800460939197607
70,0.08015850488096475
71,0.06343668078188784
72,0.06480156327035123
73,0.07071282443959111
74,0.07043051157049679
75,0.07262137370416895
76,0.07919944522514319
77,0.08621082232915796
78,0.08098453417420387
79,0.08334470536685937
80,0.06774324398497508
