1,89.37
2,92.44
3,93.225
4,93.765
5,94.26
6,94.59
7,94.795
8,94.8
9,95.23
10,95.505
11,95.36
12,95.365
13,95.52
14,95.68
15,95.74
16,95.85
17,95.91
18,95.87
19,96.25
20,96.12
21,96.235
22,96.285
23,96.34
24,96.05
25,96.435
26,96.32
27,96.32
28,96.49
29,96.53
30,96.47
31,96.655
32,96.74
33,96.68
34,96.71
35,96.54
36,96.87
37,96.67
38,96.775
39,96.745
40,96.765
41,96.865
42,96.81
43,96.93
44,96.91
45,96.845
46,96.945
47,96.825
48,97.02
49,96.77
50,96.82
51,96.935
52,97.005
53,97.045
54,96.915
55,97.035
56,96.74
57,97.03
58,96.935
59,97.05
60,97.03
61,97.085
62,97.22
63,96.995
64,97.04
65,96.91
66,97.045
67,97.145
68,97.29
69,97.18
70,97.25
71,97.14
72,96.995
73,97.095
74,97.125
75,97.145
76,97.035
77,97.115
78,97.105
79,97.08
80,97.265
