1,1.6775355529785156
2,0.3826614508964121
3,0.3394409659753243
4,0.301235206220299
5,0.3322083346545696
6,0.31585926908999684
7,0.3590198989957571
8,0.34723567314445974
9,0.3962822800129652
10,0.3936233287801345
11,0.45022232830524445
12,0.43787068167080484
13,0.4945148315777381
14,0.48442204102873804
15,0.5370258068790038
16,0.5396020710468292
17,0.5928843473146359
18,0.5901196310917537
19,0.6425018155823151
20,0.6397207327187061
21,0.6947076907753944
22,0.7001432306567827
23,0.7555171113709609
24,0.7559474287678798
25,0.8170649120708307
26,0.8147807901104291
27,0.8666012092183034
28,0.8620822615424792
29,0.9278430082400639
30,0.9161653851966063
31,0.978073870887359
32,0.968415525406599
33,1.0244708658754826
34,1.020374942322572
35,1.0972379673024018
36,1.0813293221096199
37,1.1492059286435445
38,1.1466855812569459
39,1.2100863448282082
40,1.2039053809642792
41,1.2521709715823333
42,1.2458344729741415
43,1.3202940327425798
44,1.3159022694826126
45,1.3748570562899112
46,1.365437651872635
47,1.4285189078748226
48,1.4419153262178104
49,1.4971864042182763
50,1.4844405875603357
51,1.5357691353559495
52,1.5358356181780497
53,1.6017553938428561
54,1.592731908162435
55,1.6610515476266543
56,1.6532275578379632
57,1.7076038178801536
58,1.7119018789132436
59,1.7697641757130622
60,1.7787845782438914
61,1.839713295996189
62,1.8366212727626166
63,1.8944810009002686
64,1.8943588821093242
65,1.9562824346621832
66,1.9497768060366312
67,2.0128022627035778
68,2.01267054527998
69,2.0724953095118206
70,2.072874126235644
71,2.114319514433543
72,2.1165617649753887
73,2.1805085838834444
74,2.181004113058249
75,2.2411084989706676
76,2.247942985792955
77,2.3134881925582884
78,2.3085072748859723
79,2.368888779580593
80,2.3527214951316515
