1,1.2890658338864645
2,1.1713437343637148
3,0.5930004591246446
4,0.2556511482472221
5,0.219367265937229
6,0.19659359462559223
7,0.18109379472211004
8,0.16483510550421973
9,0.17022843012275796
10,0.13842673713962236
11,0.1225737190929552
12,0.1121404693927616
13,0.0997866276682665
14,0.08941618739627302
15,0.12660269542286792
16,0.08865702218686541
17,0.08525599295739085
18,0.07288647479067246
19,0.06712915280212958
20,0.07829855821405848
21,0.05767979840359961
22,0.055383460447192195
23,0.051600269520034395
24,0.048949104991431035
25,0.04618331543092306
26,0.04496926317767551
27,0.04122323751371975
28,0.03934179394195477
29,0.03923225225880742
30,0.0367334222405528
31,0.03600635015871376
32,0.03457285670679994
33,0.03260907669668086
34,0.03221800055510054
35,0.030821558172659327
36,0.029683236830169334
37,0.02828921942040324
38,0.028072813134640454
39,0.026656379018289347
40,0.025757087186793797
