1,48.077993118117256
2,7.321840234845877
3,14.59053080399831
4,21.843143248558043
5,29.080385891596475
6,36.26591370900472
7,43.47887354850769
8,50.65241759618123
9,57.885367476145426
10,65.00574303309122
11,72.30150655110677
12,79.49475264231364
13,86.80840325673421
14,94.17369204203288
15,101.79112344741822
16,108.74289869944255
17,115.70226861317953
18,122.9527077738444
19,130.15671667734782
20,137.72038216908774
21,144.991657371521
22,152.1382451883952
23,158.91746032714843
24,165.99861905415852
25,173.06052355448404
26,180.73843444824217
27,188.1053190867106
28,195.5577887090047
29,202.74777231852212
30,209.74784118652343
31,216.57876200358072
32,223.82829630533854
33,230.61388949076334
34,238.03752758026124
35,245.62921180725098
36,252.99833803812663
37,259.9306628926595
38,266.7173444112142
39,273.7336402638753
40,280.76981575012206
