1,0.8374965208768844
2,0.7846999248117208
3,0.7466318766772747
4,0.7174778850376606
5,0.6951128010451794
6,0.6790091200917959
1,1.0989103252254426
2,0.7876580078899861
3,0.7446886388584971
4,0.7097897626273334
5,0.6819411309622229
6,0.6596676477231085
1,1.084151671640575
2,0.6093086860701442
3,0.5725265545397997
4,0.539013403467834
5,0.5083276810310781
6,0.48023004839196803
1,0.8213821043819189
2,0.7850774931907654
3,0.7616747135668993
4,0.7423225001990795
5,0.7263674505800009
6,0.7145444670319557
7,0.7052796693146228
8,0.6977029575407505
9,0.691483371257782
10,0.6863595212250948
11,0.6821241684257984
12,0.678612340092659
13,0.6756917251646519
14,0.673256756067276
15,0.6712213924527168
16,0.6695160508155823
17,0.6680840694904328
18,0.6668791302293539
19,0.6658629658073187
20,0.6650049248337746
21,0.664278966858983
22,0.663663772791624
23,0.663141654804349
24,0.6626979375630617
25,0.662320047467947
26,0.6619983553886414
27,0.6617239972949028
28,0.6614897668361663
29,0.6612896151840687
30,0.661118442863226
31,0.6609716346114873
32,0.660846139267087
33,0.6607385819405317
34,0.660646325647831
35,0.6605671501904726
36,0.6604991614818573
37,0.6604404267668724
38,0.6603901699930429
39,0.6603469119220972
40,0.6603096468001604
41,0.6602775084227324
42,0.6602497477084398
43,0.6602254457771778
44,0.6602046342939139
45,0.6601865708082915
46,0.6601708482950925
47,0.6601571133360267
48,0.6601450702920556
49,0.6601341753453016
50,0.6601247869059443
51,0.6601164456084371
52,0.660108972042799
53,0.6601022358983755
54,0.6600961070507765
55,0.660090195722878
56,0.6600850103795528
57,0.660080173574388
58,0.6600756245106458
59,0.6600713122636079
60,0.6600671805813909
61,0.6600629007443786
62,0.6600590283796192
63,0.6600552451238036
64,0.6600515209138393
65,0.6600478425621986
66,0.6600441760569811
67,0.6600402273982763
68,0.6600365678966046
69,0.6600329077988863
70,0.6600292335450649
71,0.6600255282223224
72,0.6600217984616756
73,0.6600177242979407
74,0.6600139189884067
75,0.6600100815296173
76,0.6600062032788991
77,0.6600022910162806
78,0.6599983320385218
79,0.6599940333142876
80,0.6599899926781654
81,0.659985918700695
82,0.6599818059056998
83,0.6599776620790362
84,0.6599734877049923
85,0.6599689664691687
86,0.6599647162109613
87,0.6599604408815503
88,0.6599561369046569
89,0.659951802417636
90,0.659947440996766
91,0.6599427524209023
92,0.6599383394047618
93,0.6599339095130563
94,0.6599294656142592
95,0.6599249978363514
96,0.6599205119535327
97,0.6599157064780593
98,0.6599111901596189
99,0.6599066631123424
100,0.659902120679617
101,0.6598975679650902
102,0.6598930053785443
103,0.6598881334066391
104,0.6598835466057063
105,0.6598789629340172
106,0.6598743659257889
107,0.6598697726428508
108,0.6598651699721814
109,0.659860259629786
110,0.6598556441813708
111,0.6598510324209929
112,0.6598464202508331
113,0.6598418055474758
114,0.6598371873050928
115,0.659832270629704
116,0.6598276526108384
117,0.6598230433464051
118,0.6598184282332659
119,0.6598138228431344
120,0.6598092165216803
121,0.6598043091967702
122,0.6597997071966529
123,0.6597951033711433
124,0.6597905129194259
125,0.6597859241440892
126,0.6597813394293189
127,0.6597764621675014
128,0.6597718761116266
129,0.6597673069685698
130,0.6597627403587103
131,0.6597581864893436
132,0.6597536317259073
133,0.659748781695962
134,0.6597442331165075
135,0.659739699140191
136,0.6597351733967662
137,0.6597306515648961
138,0.6597261391952634
139,0.6597213236615062
140,0.6597168201953173
141,0.6597123263403774
142,0.6597078401222825
143,0.6597033610194921
144,0.6596988921612501
145,0.6596941255405545
146,0.6596896647661924
147,0.6596852166578173
148,0.6596807695180178
149,0.6596763353794813
150,0.6596719106659293
151,0.6596671816334129
152,0.6596627631783485
153,0.6596583668887616
154,0.6596539644151926
155,0.6596495789289475
156,0.6596452034637332
157,0.6596405276656151
158,0.6596361605077982
159,0.6596317972987891
160,0.6596274546533824
161,0.6596231110394001
162,0.659618778899312
163,0.6596141478046775
164,0.659609828479588
165,0.6596055201813579
166,0.659601219445467
167,0.6595969246700406
168,0.6595926410332322
169,0.6595880602300167
170,0.6595837823301554
171,0.6595795236527919
172,0.6595752699673176
173,0.6595710235461593
174,0.6595667814090848
175,0.6595622530952095
176,0.6595580311119557
177,0.6595538114383817
178,0.6595496009662747
179,0.6595453980192542
180,0.6595412124693394
181,0.6595367337018252
182,0.659532550536096
183,0.6595283866673708
184,0.6595242246612907
185,0.6595200712606311
186,0.659515923410654
187,0.6595114885270595
188,0.659507353194058
189,0.6595032326877117
190,0.6594991172105074
191,0.6594950116425753
192,0.6594909064099193
193,0.6594865179806948
194,0.6594824294745922
195,0.6594783509895206
196,0.6594742819666862
197,0.6594702204689383
198,0.6594661555066704
199,0.6594618278369307
200,0.6594577747583389
201,0.6594537447020411
202,0.6594497190415859
203,0.6594457037374377
204,0.6594416889175773
205,0.6594374043121934
206,0.6594333962351083
207,0.6594294100999832
208,0.6594254294037819
209,0.6594214548915625
210,0.6594174856692553
211,0.659413229227066
212,0.6594092740118503
213,0.6594053280726075
214,0.6594013853743672
215,0.6593974479660392
216,0.6593935295194387
217,0.6593893207237125
218,0.6593854036554694
219,0.659381500184536
220,0.6593776012584567
221,0.6593737168610097
222,0.6593698310479522
223,0.6593656662106514
224,0.6593617893382907
225,0.6593579284846782
226,0.659354071430862
227,0.6593502223491668
228,0.6593463764339685
229,0.6593422571569681
230,0.6593384199216962
231,0.6593345936015248
232,0.6593307825922966
233,0.6593269692361354
234,0.6593231716379523
235,0.659319087639451
236,0.659315296895802
237,0.6593115137889981
238,0.6593077395483852
239,0.6593039693683386
240,0.6593002070486546
