1,8.527817335128784
2,6.456832675933838
3,4.290607779026032
4,2.125494005680084
5,0.2832418904796941
6,0.05806376055144938
1,11.68072135925293
2,9.867883949279785
3,7.927513074874878
4,5.98819022655487
5,4.0498802590370175
6,2.11215745806694
1,48.34511867523193
2,41.79810981750488
3,34.729389877319335
4,27.66180181503296
5,20.59419771194458
6,13.527845993041993
1,8.946523609161376
2,6.978394122123718
3,4.902733693122864
4,2.8270756042003633
5,0.8707445857330458
6,0.41618865805328825
7,0.41410370241792405
8,0.41231680701166623
9,0.41054149738076373
10,0.408772566159314
11,0.40700992222729837
12,0.4052534896423458
13,0.40320463320444105
14,0.4014551112530171
15,0.3997169018135173
16,0.3979849413243937
17,0.3962591726408573
18,0.39453953678981635
19,0.3925260006176541
20,0.3908129234725493
21,0.38911109043343456
22,0.3874151254768367
23,0.38572520582558356
24,0.3840412424443639
25,0.3820623447082471
26,0.38038497155619555
27,0.37871848888520615
28,0.3770579532941338
29,0.37540325928945095
30,0.3737542269652476
31,0.37180903660671905
32,0.370165987424989
33,0.3685339392136666
34,0.3669074904435547
35,0.36528669376362816
36,0.36367166509575327
37,0.36175950535398443
38,0.36015037027857033
39,0.3585519528418081
40,0.3569589619481121
41,0.35537161355488933
42,0.35378982073030785
43,0.3519100260996493
44,0.35033377889631084
45,0.3487681673024781
46,0.347207884711388
47,0.3456530044734245
48,0.3441034249178483
49,0.34225528758746804
50,0.34071106765419246
51,0.3391774060568423
52,0.3376490095653571
53,0.336125752448861
54,0.3346076633961638
55,0.3327904322228278
56,0.3312774598150281
57,0.32977489565353607
58,0.32827743644505974
59,0.3267849166295491
60,0.3252974242370692
61,0.32351046952506296
62,0.3220280037712655
63,0.32055554605263753
64,0.3190881568563054
65,0.31762575802393256
66,0.3161682907541399
67,0.31441076531715223
68,0.3129577173967846
69,0.3115148613104248
70,0.31007667268451766
71,0.308643353189982
72,0.30721485556481637
73,0.3054862295510247
74,0.30406208038184557
75,0.3026477770859492
76,0.3012380846729502
77,0.29983314159122526
78,0.2984329385883757
79,0.29673233920882924
80,0.2953360641692416
81,0.29394969887274786
82,0.29256771930493414
83,0.2911904631453217
84,0.2898176993869129
85,0.2881445012369659
86,0.28677560297015586
87,0.28541642286785646
88,0.28406153194227957
89,0.28271125025697985
90,0.28136526165588294
91,0.2797189607616747
92,0.27837658653268593
93,0.2770437642553588
94,0.2757153754326282
95,0.27439119723218025
96,0.2730714208923746
97,0.27145133944344707
98,0.27013483810762406
99,0.2688277727458626
100,0.26752493042789866
101,0.26622624793672
102,0.2649317844200414
103,0.2633371952158632
104,0.26204576771939175
105,0.26076382797502445
106,0.2594858775974717
107,0.2582119244331261
108,0.2569420593813993
109,0.2553722974931588
110,0.2541052982606925
111,0.25284757052140777
112,0.25159374055685474
113,0.250343893453246
114,0.24909800425171852
115,0.2475524845859036
116,0.24630924823519307
117,0.2450749742856715
118,0.24384459528722802
119,0.24261803791392594
120,0.2413952683628304
121,0.2398733500833623
122,0.2386530745407799
123,0.2374418152536964
124,0.23623433197673877
125,0.23503054098284337
126,0.2338304349221289
127,0.23233157138922253
128,0.23113372330146376
129,0.2299447525216965
130,0.22875943355902564
131,0.22757771304924973
132,0.22639957767154556
133,0.22492310740111862
134,0.223747036550194
135,0.22257972382416483
136,0.22141590538900346
137,0.22025550517602824
138,0.21909858977247496
139,0.21764389971795026
140,0.21648885510163382
141,0.2153424530045595
142,0.21419944872090127
143,0.2130598628142616
144,0.211923647436779
145,0.21049022524559405
146,0.2093555977079086
147,0.20822956721473018
148,0.207106829645345
149,0.2059873667807551
150,0.20487115999741945
151,0.20345833299856167
152,0.2023435472481651
153,0.20123720092407893
154,0.2001340880105272
155,0.1990341915859608
156,0.19793749423581175
157,0.19654482460173311
158,0.19544925834808966
159,0.19436208392493426
160,0.19327803203079383
161,0.19219704597257078
162,0.1911191285966197
163,0.18974593766208273
164,0.18866898669744842
165,0.18760027520533185
166,0.1865345537266694
167,0.18547185807547067
168,0.18441212879202795
169,0.18305790512473322
170,0.18199901233136187
171,0.18094834044517483
172,0.1799005876359297
173,0.17885568115976638
174,0.17781364217109513
175,0.1764778316288721
176,0.17543639159935992
177,0.17440305040043314
178,0.17337254843267147
179,0.17234480560349766
180,0.17131985459011048
181,0.1700019760732539
182,0.16897745267662687
183,0.16796086451329756
184,0.16694701490399894
185,0.16593589687079657
186,0.16492742659174836
187,0.16362687506712972
188,0.1626186775637325
189,0.16161828983633314
190,0.1606205022026552
191,0.15962537186045667
192,0.15863279590790624
193,0.15734899652539752
194,0.15635654364246876
195,0.1553718270297395
196,0.154389635893167
197,0.153410003153258
198,0.15243292374769227
199,0.1511654878949048
200,0.1501882613718044
201,0.14921869999554474
202,0.1482515818189131
203,0.14728689442155882
204,0.14632460094057023
205,0.14507290875189938
206,0.14411039717204402
207,0.1431554718472762
208,0.14220290462777485
209,0.14125267336145042
210,0.14030479741282761
211,0.13906842662021518
212,0.13812004727195018
213,0.13717916611465625
214,0.13624051741324364
215,0.13530419722548687
216,0.13437011469854043
217,0.1331484709214419
218,0.13221372411178892
219,0.13128639898553957
220,0.13036126586375757
221,0.1294382962374948
222,0.12851746582542545
223,0.12731016310164706
224,0.12638858061865904
225,0.1254743483173661
226,0.12456224466208368
227,0.12365221219020896
228,0.1227442018612055
229,0.12155068691296038
230,0.12064172252255957
231,0.11973999576526694
232,0.11884024498634972
233,0.11794250360573642
234,0.1170467801427003
235,0.11586657356354407
236,0.11496967819752171
237,0.11407997835660354
238,0.11319218694115989
239,0.11230635388812515
240,0.11142238888365683
