1,0.8289686981954061
2,0.7782430941765486
3,0.7423412700346713
4,0.7153523899266365
5,0.6948295561115798
6,0.6789510517419661
1,1.0872296083065374
2,0.77779012671998
3,0.7367611285092214
4,0.7038015735101792
5,0.6778912516249147
6,0.6575554880729958
1,1.0358065489195716
2,0.5675105750798497
3,0.5377971624250799
4,0.5113516010007141
5,0.48773348275883677
6,0.46670220099940524
1,0.8124355814816825
2,0.7780990939108442
3,0.7567719783670773
4,0.7394954218548127
5,0.7254967065833795
6,0.714128278512659
7,0.7048655637206742
8,0.6972906352092498
9,0.6910728321901999
10,0.6859507460655172
11,0.6817171589806423
12,0.678207087567769
13,0.675288519856526
14,0.6728553019480341
15,0.6708216759393905
16,0.6691180665405994
17,0.6676878092794984
18,0.6664845916883921
19,0.6654704384813804
20,0.6646141154234066
21,0.6638898582110656
22,0.6632763555829543
23,0.6627559325988831
24,0.6623138923888685
25,0.6619379839342677
26,0.6616179704712646
27,0.6613452784996027
28,0.6611127115558958
29,0.6609142161691226
30,0.6607446899725156
31,0.6605998239610719
32,0.6604759724776507
33,0.6603700457748499
34,0.6602794210051112
35,0.6602018682926898
36,0.6601354891810189
37,0.6600786652610942
38,0.6600300151972831
39,0.659988358697134
40,0.6599526862377466
41,0.6599221335761137
42,0.6598959602446868
43,0.6598735313745734
44,0.6598543023035401
45,0.6598378055196654
46,0.6598236395680314
47,0.6598114596106415
48,0.6598009693813297
49,0.6597919143199742
50,0.6597840757054096
51,0.6597772656355663
52,0.6597713227274623
53,0.6597661084297891
54,0.6597615038575717
55,0.6597574070723724
56,0.6597537307432387
57,0.6597504001334251
58,0.6597473513661934
59,0.6597445299299493
60,0.6597418893888605
61,0.6597393902700734
62,0.6597369991028381
63,0.6597346875884296
64,0.6597324318827833
65,0.6597302119763403
66,0.6597280111577817
67,0.6597258155502268
68,0.6597236137100465
69,0.6597213962798294
70,0.6597191556881944
71,0.6597168858901605
72,0.6597145821426355
73,0.659712240810329
74,0.6597098591980379
75,0.6597074354057861
76,0.6597049682037829
77,0.6597024569245744
78,0.6596999013700939
79,0.6596973017316524
80,0.6596946585211306
81,0.6596919725119073
82,0.6596892446882164
83,0.6596864762018139
84,0.6596836683349846
85,0.659680822469034
86,0.6596779400575333
87,0.6596750226036798
88,0.6596720716412078
89,0.6596690887183755
90,0.6596660753846042
91,0.659663033179401
92,0.6596599636232484
93,0.6596568682101928
94,0.6596537484018751
95,0.6596506056228162
96,0.6596474412567538
97,0.6596442566438933
98,0.6596410530789265
99,0.6596378318096983
100,0.659634594036426
101,0.6596313409113794
102,0.6596280735389461
103,0.6596247929760102
104,0.6596215002325999
105,0.6596181962727453
106,0.6596148820155042
107,0.659611558336126
108,0.6596082260673186
109,0.6596048860005945
110,0.6596015388876678
111,0.6595981854418941
112,0.6595948263397241
113,0.6595914622221732
114,0.6595880936962759
115,0.6595847213365353
116,0.6595813456863526
117,0.6595779672594201
118,0.6595745865410921
119,0.6595712039897171
120,0.6595678200379284
121,0.6595644350938941
122,0.6595610495425289
123,0.659557663746659
124,0.6595542780481388
125,0.6595508927689337
126,0.6595475082121446
127,0.6595441246630035
128,0.6595407423898139
129,0.6595373616448551
130,0.659533982665243
131,0.6595306056737528
132,0.6595272308795991
133,0.6595238584791818
134,0.6595204886567929
135,0.6595171215852887
136,0.6595137574267305
137,0.6595103963329882
138,0.6595070384463155
139,0.6595036838998967
140,0.6595003328183617
141,0.6594969853182756
142,0.6594936415086012
143,0.6594903014911376
144,0.6594869653609345
145,0.659483633206685
146,0.6594803051110948
147,0.659476981151234
148,0.6594736613988661
149,0.6594703459207616
150,0.6594670347789934
151,0.6594637280312141
152,0.65946042573092
153,0.6594571279276975
154,0.6594538346674597
155,0.6594505459926643
156,0.6594472619425228
157,0.6594439825531961
158,0.6594407078579814
159,0.6594374378874833
160,0.6594341726697793
161,0.6594309122305748
162,0.659427656593349
163,0.6594244057794907
164,0.6594211598084273
165,0.6594179186977489
166,0.6594146824633198
167,0.6594114511193869
168,0.6594082246786825
169,0.6594050031525175
170,0.6594017865508727
171,0.6593985748824812
172,0.6593953681549111
173,0.6593921663746355
174,0.6593889695471067
175,0.6593857776768179
176,0.6593825907673719
177,0.65937940882153
178,0.6593762318412741
179,0.6593730598278547
180,0.659369892781841
181,0.6593667307031624
182,0.6593635735911573
183,0.6593604214446066
184,0.659357274261774
185,0.6593541320404422
186,0.6593509947779439
187,0.6593478624711939
188,0.6593447351167177
189,0.659341612710678
190,0.6593384952489022
191,0.6593353827269043
192,0.6593322751399073
193,0.6593291724828662
194,0.6593260747504861
195,0.6593229819372398
196,0.6593198940373878
197,0.6593168110449913
198,0.65931373295393
199,0.6593106597579143
200,0.6593075914504988
201,0.6593045280250953
202,0.6593014694749855
203,0.6592984157933283
204,0.659295366973173
205,0.6592923230074682
206,0.6592892838890692
207,0.6592862496107474
208,0.6592832201651982
209,0.6592801955450469
210,0.6592771757428565
211,0.6592741607511329
212,0.6592711505623324
213,0.6592681451688642
214,0.6592651445630996
215,0.6592621487373717
216,0.659259157683984
217,0.6592561713952114
218,0.6592531898633055
219,0.6592502130804987
220,0.6592472410390054
221,0.6592442737310271
222,0.6592413111487525
223,0.6592383532843631
224,0.659235400130033
225,0.6592324516779337
226,0.6592295079202342
227,0.6592265688491008
228,0.659223634456705
229,0.659220704735219
230,0.6592177796768206
231,0.6592148592736933
232,0.6592119435180267
233,0.6592090324020197
234,0.6592061259178802
235,0.6592032240578249
236,0.659200326814084
237,0.6591974341788971
238,0.6591945461445173
239,0.6591916627032108
240,0.6591887838472574
