0,1.2482275837659835
1,0.4102593388905128
2,0.22068970330059529
3,0.1738691113019983
4,0.1403581176387767
5,0.12974512211667993
6,0.10226439750753342
7,0.08929184262330334
8,0.0797142441974332
9,0.07239472749643028
10,0.06709612727630883
11,0.061615907500187556
12,0.05809761302933718
13,0.05295454957056791
14,0.050746487435729556
15,0.04718551427203541
16,0.045593812723333633
17,0.042806723329704255
18,0.04141234873405968
19,0.039535582260383915
20,0.0374434169960053
21,0.036130623533778515
22,0.034461663654074076
23,0.033947470104321836
24,0.03243215577444061
25,0.030463593953754753
26,0.029657123270444573
27,0.028713506048467632
28,0.027460558818032343
29,0.027414478646048034
30,0.026244272053202924
31,0.025121911286454027
32,0.024626580884214492
33,0.02414830610000839
34,0.023357678738539108
35,0.022723539816603685
36,0.02194156142921808
37,0.02208452255562103
38,0.021290388268923075
39,0.020553368493565358
