1,106.62291404729088
2,2.4856942294041318
3,3.324264773130417
4,4.044390896956126
5,4.646955319643021
6,5.126545487244924
7,5.845027547677358
8,6.213281514644623
9,6.56968235095342
10,7.172097536722819
11,7.290413788159689
12,8.012204233805338
13,8.014339464505513
14,8.731575645605723
15,8.731553190549215
16,9.462654073238372
17,9.455182559490204
18,10.177097566127777
19,10.177082562446595
20,10.894983722368876
21,10.899183011054992
22,11.623956695397695
23,11.622331875165303
24,12.33757404645284
25,12.345551425615946
26,13.055073307355245
27,13.068298726081848
28,13.785171338717143
29,13.78777023156484
30,14.497799496650696
31,14.502450119654338
32,15.224927945137024
33,15.230118103027344
34,15.952743980089823
35,15.945665527979532
36,16.664647251764933
37,16.67603273073832
38,17.389498402277628
39,17.386464474995933
40,18.111996766726175
41,18.101508701642356
42,18.84284533659617
43,18.828421897888184
44,19.547067365646363
45,19.560018976529438
46,20.268377577463784
47,20.27388418038686
48,20.991995482444764
49,20.991634947458902
50,21.701291429201763
51,21.740741863250733
52,22.424425854682923
53,22.43479043006897
54,23.15493056456248
55,23.157014638582865
56,23.861043594678243
57,23.88994955857595
58,24.58624236424764
59,24.588150782585146
60,25.314292923609415
61,25.319690965016683
62,26.01879760424296
63,26.041593770980835
64,26.754846493403118
65,26.740238520304363
66,27.472831967671713
67,27.46863290786743
68,28.199008951187135
69,28.18745888074239
