0,0.648979623402868
1,0.662244935120855
2,0.6244898374591555
3,0.6357143201998302
4,0.6928571803229195
5,0.6897959624017987
6,0.580612274152892
7,0.7275510600634983
8,0.6979592187064034
9,0.7204082139900753
10,0.7438775854451316
11,0.7030612762485232
12,0.7244898463998523
13,0.6938775990690503
14,0.724489837884903
15,0.7500000638621194
16,0.7255102523735592
17,0.7255102417298726
18,0.7367347393717084
19,0.7326530984469822
20,0.7377551283155169
21,0.7397959594215665
22,0.7275510643209729
23,0.7500000510896955
24,0.7479592178549085
25,0.7602041278566632
26,0.7551020937306541
27,0.7428571879863739
28,0.7153061756065914
29,0.7714286148548126
30,0.7765306489808219
31,0.7714286276272365
32,0.7734694353171757
33,0.7714286148548126
34,0.7704082131385803
35,0.7500000468322209
36,0.7734694395746503
37,0.7500000510896955
38,0.770408204623631
39,0.7795918839318412
40,0.7765306745256696
41,0.7806122984204974
42,0.7836735163416181
43,0.7744898455483573
44,0.7663265935012272