1,0.6371027800223037
2,0.4271662662013812
3,0.4167469782898786
4,0.4090073579987721
5,0.4023251540665499
6,0.3964749131576346
1,0.6606001103300823
2,0.6280043571430453
3,0.6006080044023854
4,0.5773733631020604
5,0.5578343287499049
6,0.5413823837783228
1,0.725607237525283
2,0.677757764150901
3,0.6256388515713432
4,0.5802750864299234
5,0.5418510821538718
6,0.5097561755516754
1,1.0395813258946713
2,0.7478585435487385
3,0.7155422123161234
4,0.6893346106228517
5,0.6680510634920396
6,0.6506856455636258
7,0.6364454520068061
8,0.6247070538278562
9,0.6149794175316543
10,0.606874567358156
11,0.600084931676465
12,0.5943659046582678
13,0.5895223563458903
14,0.5853981350277386
15,0.5818678627287643
16,0.5788305067443915
17,0.5762043358820861
18,0.573922959463336
19,0.5719322135423098
20,0.5701877098590321
21,0.5686529030446438
22,0.5672975631211822
23,0.5660965651608011
24,0.5650289274409971
25,0.564077044641828
26,0.5632260744686769
27,0.5624634452740613
28,0.5617784593764023
29,0.5611619722947572
30,0.5606061323990911
31,0.5601041687983441
32,0.559650217872139
33,0.5592391808651347
34,0.5588666065354712
35,0.5585285940802628
36,0.5582217125282424
37,0.5579429335513912
38,0.5576895752491243
39,0.5574592549353354
40,0.557249849337442
41,0.55705946091853
42,0.5568863892750613
43,0.5567291067561321
44,0.5565862376058878
45,0.5564565400561858
46,0.5563388908981028
47,0.5562322721431907
48,0.5561357594523682
49,0.5560485120649319
50,0.5559697640048732
51,0.5558988163783254
52,0.5558350306061187
53,0.5557778224602906
54,0.5557266567939769
55,0.5556810428711614
56,0.5556405302169694
57,0.5556047049210137
58,0.555573186336227
59,0.5555456241238885
60,0.5555216956025624
61,0.5555011033645483
62,0.5554835731284182
63,0.5554688518004415
64,0.5554567057212964
65,0.5554469190775221
66,0.5554392924597766
67,0.555433641552221
68,0.5554297959392694
69,0.5554275980176081
70,0.5554269020028141
71,0.5554275730211632
72,0.5554294862782733
73,0.5554325262971834
74,0.5554365862192864
75,0.5554415671622356
76,0.555447377629594
77,0.5554539329675303
78,0.5554611548643545
79,0.5554689708891198
80,0.555477314065893
81,0.5554861224806239
82,0.5554953389178634
83,0.5555049105248112
84,0.5555147885004468
85,0.5555249278076847
86,0.5555352869066871
87,0.5555458275076469
88,0.5555565143414904
89,0.5555673149470993
90,0.5555781994737671
91,0.5555891404977108
1,1.00548757898671
2,0.8205604289323665
3,0.7881728410623242
4,0.7619426646767558
5,0.7409561420388272
6,0.72408208901975
7,0.7104104006363957
8,0.6992343880019312
9,0.6900155401137498
10,0.6823461501571555
11,0.6759167735510562
12,0.670490602883978
13,0.6658843491387572
14,0.6619543573516086
15,0.6585866260159122
16,0.6556896282916037
17,0.6531891093489537
18,0.6510242711530465
19,0.6491449351092605
20,0.6475094003808277
21,0.646082803518942
22,0.6448358447162067
23,0.6437437863552975
24,0.6427856568965055
25,0.6419436118530801
26,0.6412024165306298
27,0.6405490242644477
28,0.639972230332232
29,0.6394623863768021
30,0.6390111635928607
31,0.638611355480707
32,0.6382567128965279
33,0.6379418056040665
34,0.6376619056747557
35,0.6374128889768822
36,0.6371911516992899
37,0.6369935394156169
38,0.6368172866436538
39,0.6366599652155283
40,0.6365194400666759
41,0.6363938312890965
42,0.6362814814883521
43,0.6361809276426662
44,0.6360908767931637
45,0.6360101850021183
46,0.6359378391052766
47,0.6358729408584133
48,0.6358146931398931
49,0.6357623879224743
50,0.6357153957706343
51,0.6356731566558255
52,0.6356351719124321
53,0.6356009971828133
54,0.6355702362214487
55,0.6355425354465435
56,0.6355175791429731
57,0.635495085233723
58,0.6354748015482081
59,0.6354565025255426
60,0.6354399862990239
61,0.6354250721152188
62,0.6354115980470686
63,0.6353994189656951
64,0.6353884047400793
65,0.6353784386376905
66,0.6353694159025064
67,0.6353612424897942
68,0.635353833939556
69,0.6353471143727405
70,0.635341015596255
71,0.6353354763044714
72,0.6353304413663957
73,0.6353258611889331
74,0.6353216911478138
75,0.635317891078714
76,0.6353144248219711
77,0.6353112598150542
78,0.6353083667275987
79,0.6353057191344219
80,0.6353032932224335
81,0.6353010675278188
82,0.6352990227002769
83,0.6352971412914435
84,0.635295407564951
85,0.6352938073258455
86,0.6352923277673489
87,0.6352909573331441
88,0.6352896855935761
89,0.6352885031343356
90,0.6352874014563251
91,0.635286372885571
92,0.6352854104921437
93,0.635284508017168
94,0.6352836598071032
95,0.6352828607545503
96,0.635282106244929
97,0.6352813921084277
98,0.6352807145767018
99,0.6352800702438364
100,0.6352794560311511
101,0.6352788691554617
102,0.6352783071004509
103,0.6352777675908431
104,0.6352772485691035
105,0.6352767481744095
106,0.6352762647236707
107,0.6352757966943982
108,0.6352753427092345
109,0.6352749015219883
110,0.6352744720050216
111,0.6352740531378577
112,0.6352736439968891
113,0.6352732437460851
114,0.6352728516285889
115,0.635272466959131
116,0.6352720891171698
117,0.635271717540693
118,0.6352713517206172
119,0.6352709911957223
120,0.6352706355480745
121,0.635270284398889
122,0.635269937404787
123,0.6352695942544146
124,0.6352692546653833
125,0.6352689183815046
126,0.6352685851702884
127,0.6352682548206836
128,0.6352679271410293
129,0.635267601957209
130,0.6352672791109765
131,0.6352669584584413
132,0.6352666398687039
133,0.6352663232226167
134,0.6352660084116646
135,0.6352656953369551
136,0.6352653839083018
137,0.6352650740433957
138,0.6352647656670601
139,0.6352644587105708
140,0.6352641531110461
141,0.6352638488108926
142,0.6352635457573047
143,0.6352632439018142
144,0.6352629431998782
145,0.635262643610513
146,0.6352623450959558
147,0.635262047621368
148,0.6352617511545577
149,0.6352614556657349
150,0.6352611611272875
151,0.635260867513582
152,0.6352605748007795
153,0.6352602829666715
154,0.6352599919905315
155,0.635259701852981
156,0.6352594125358692
157,0.6352591240221604
158,0.6352588362958391
159,0.6352585493418172
160,0.6352582631458558
161,0.63525797769449
162,0.6352576929749658
163,0.635257408975178
164,0.6352571256836184
165,0.6352568430893271
166,0.6352565611818467
167,0.6352562799511859
168,0.6352559993877807
169,0.6352557194824652
170,0.6352554402264385
171,0.6352551616112424
172,0.6352548836287337
173,0.6352546062710666
174,0.6352543295306687
175,0.6352540534002269
176,0.6352537778726696
177,0.6352535029411532
178,0.6352532285990455
179,0.6352529548399194
180,0.6352526816575366
181,0.6352524090458407
182,0.6352521369989474
183,0.6352518655111353
184,0.6352515945768392
185,0.6352513241906435
186,0.6352510543472744
187,0.6352507850415957
188,0.6352505162686021
189,0.6352502480234145
190,0.6352499803012747
191,0.6352497130975441
192,0.6352494464076954
193,0.6352491802273125
194,0.6352489145520833
195,0.6352486493778009
196,0.6352483847003569
197,0.6352481205157401
198,0.6352478568200329
199,0.6352475936094105
200,0.6352473308801351
201,0.6352470686285572
202,0.6352468068511113
203,0.6352465455443145
204,0.6352462847047616
205,0.6352460243291289
206,0.6352457644141672
207,0.6352455049567015
208,0.6352452459536297
209,0.6352449874019197
210,0.6352447292986095
211,0.6352444716408041
212,0.6352442144256741
213,0.6352439576504539
214,0.6352437013124412
215,0.6352434454089948
216,0.6352431899375331
217,0.6352429348955326
218,0.6352426802805261
219,0.6352424260901033
220,0.6352421723219068
221,0.6352419189736322
222,0.6352416660430273
223,0.63524141352789
224,0.635241161426066
225,0.63524090973545
226,0.6352406584539836
227,0.6352404075796525
228,0.635240157110488
229,0.6352399070445638
230,0.6352396573799963
231,0.635239408114942
232,0.6352391592475984
233,0.6352389107762008
234,0.6352386626990235
235,0.6352384150143762
236,0.6352381677206068
237,0.6352379208160958
238,0.6352376742992598
239,0.6352374281685464
240,0.635237182422438
