1,0.6998617071658373
2,0.48317534409463403
3,0.4653361952677369
4,0.45017671067267656
5,0.436074644215405
6,0.42280453227460385
1,0.6899159228056669
2,0.6510568346828223
3,0.6170687245950103
4,0.5872435387969017
5,0.5611236868798732
6,0.541384218968451
1,0.7419695930182933
2,0.6879110290110111
3,0.6293867919500917
4,0.5803056990168989
5,0.5418591169081628
6,0.5097642033547163
1,1.0775125909596681
2,0.7824706784635782
3,0.746433417648077
4,0.7165048894286156
5,0.6915004204958677
6,0.6704140741378068
7,0.6524551241844893
8,0.6369958677887917
9,0.62354731567204
10,0.6117215449362994
11,0.6012841138988734
12,0.5943692294508218
13,0.5895278966799379
14,0.5854037342965603
15,0.5818734651803971
16,0.5788361088559032
17,0.5762099356576801
18,0.5739285590872168
19,0.5719400513917208
20,0.5701956067234277
21,0.5686607975885272
22,0.5673054580390453
23,0.5661044606566429
24,0.5650368238054216
25,0.5640871658548713
26,0.5632362560927868
27,0.5624736285582185
28,0.5617886392027139
29,0.5611721498332918
30,0.5606163150072098
31,0.5601165630295872
32,0.5596626726351679
33,0.55925163641572
34,0.558879063539207
35,0.5585410478152335
36,0.5582341679744423
37,0.557957611028105
38,0.5577043075859547
39,0.557473989520222
40,0.5572645843587816
41,0.5570741941593588
42,0.5569011242501438
43,0.5567460631765425
44,0.5566032570414245
45,0.5564735567755997
46,0.5563559097237885
47,0.5562492897361517
48,0.5561527732014656
49,0.5560677427239716
50,0.5559890552982688
51,0.5559181089699269
52,0.5558543206751346
53,0.555797114353627
54,0.5557459454238415
55,0.5557025493495167
56,0.5556620942242444
57,0.5556262692436575
58,0.5555947482213378
59,0.5555671843327582
60,0.555543255675584
61,0.5555248786322773
62,0.5555074077658355
63,0.5554926856420934
64,0.5554805363249034
65,0.5554707465041429
66,0.5554631192144006
67,0.5554596870858223
68,0.5554558939952403
69,0.5554536977037787
70,0.5554529960267246
71,0.5554536637663842
72,0.5554555772710592
73,0.5554608204774558
74,0.5554649382364005
75,0.5554699174128472
76,0.5554757248889655
77,0.5554822795838118
78,0.5554894986469299
79,0.5554995331075042
80,0.5555079325288534
81,0.5555167401675135
82,0.5555259511247277
83,0.5555355197656899
84,0.555545395174995
85,0.5555577405821532
86,0.5555681568291039
87,0.5555786903295666
88,0.5555893754679709
89,0.5556001763325185
90,0.555611050967127
91,0.5556241915933788
1,1.0477867627516388
2,0.8613137836754322
3,0.8269509543478489
4,0.7987465266883373
5,0.7757857525348664
6,0.7569380861520767
7,0.7412928476929664
8,0.7281435742974282
9,0.71695147305727
10,0.7073101943731308
11,0.6989095397293568
12,0.691512137055397
13,0.6849356737732887
14,0.6790380284190178
15,0.6737029608339071
16,0.6688389577716589
17,0.6643731980025769
18,0.6602446035295725
19,0.6564014552533627
20,0.6528031507134437
21,0.6494145583361387
22,0.6462059629708529
23,0.6439383491128683
24,0.642968624830246
25,0.6421254425495863
26,0.641383356153965
27,0.6407290728390217
28,0.6401513935625553
29,0.6396406606584787
30,0.639188556112349
31,0.6387876227125525
32,0.6384320850670337
33,0.6381162963807583
34,0.6378355137258768
35,0.6375856168940663
36,0.6373629958182573
37,0.6371642732992768
38,0.6369871323555708
39,0.6368289325758815
40,0.6366875310987234
41,0.6365610457956791
42,0.636447813808918
43,0.6363461508974433
44,0.636255218051374
45,0.636173649057746
46,0.6361004345864057
47,0.6360346616432071
48,0.6359755450114608
49,0.6359221269190312
50,0.6358742599189281
51,0.6358311511948704
52,0.635792353078723
53,0.6357573730498552
54,0.6357258113473654
55,0.6356970755010843
56,0.6356713113561273
57,0.6356480136886239
58,0.6356269302219153
59,0.6356078331172467
60,0.6355905143916607
61,0.6355745683982968
62,0.6355602975562215
63,0.6355473167449236
64,0.6355355079844593
65,0.6355247416347265
66,0.6355149189010263
67,0.6355057353526354
68,0.6354975295066834
69,0.6354900471866131
70,0.6354832353070379
71,0.6354769768938422
72,0.6354712292551994
73,0.6354657142981887
74,0.6354608204215765
75,0.6354563064873219
76,0.6354521271586419
77,0.6354482522979379
78,0.6354446734488011
79,0.6354411913082003
80,0.6354381497949362
81,0.6354353195056319
82,0.6354326876625419
83,0.6354302475228906
84,0.6354279585927725
85,0.6354255838319659
86,0.6354235519096255
87,0.6354216131195426
88,0.6354197968542575
89,0.6354180557280779
90,0.6354164009168745
91,0.6354146105423569
92,0.6354130874946713
93,0.6354116364195943
94,0.6354102325439454
95,0.6354088798910379
96,0.635407578907907
97,0.6354060954973102
98,0.635404868721962
99,0.6354036783427
100,0.635402511395514
101,0.6354013770073652
102,0.6354002664983273
103,0.6353989641368389
104,0.6353978921100497
105,0.6353968449309468
106,0.63539581310004
107,0.6353948070853949
108,0.6353938602283598
109,0.635392710827291
110,0.6353917754068971
111,0.6353908568248152
112,0.6353899514302611
113,0.6353890537843108
114,0.6353881606459617
115,0.6353870774433017
116,0.6353861972689628
117,0.6353853232041001
118,0.6353844929113984
119,0.6353836806863546
120,0.6353828735649586
121,0.6353818840533495
122,0.6353810861706733
123,0.6353802843764425
124,0.6353795014694333
125,0.6353787166997791
126,0.6353779282793403
127,0.6353769621998072
128,0.6353761766850948
129,0.6353754067420959
130,0.6353746365383267
131,0.6353738653287292
132,0.635373135432601
133,0.6353722256049514
134,0.6353714967891574
135,0.6353707804903388
136,0.6353700657933951
137,0.6353693540394306
138,0.6353686387091875
139,0.6353677486255765
140,0.6353670309111475
141,0.6353663277998567
142,0.6353656247630716
143,0.6353649189323187
144,0.6353642168268562
145,0.6353633349761367
146,0.6353626320883632
147,0.6353619275987148
148,0.6353612316027284
149,0.6353605373576283
150,0.6353598454967141
151,0.6353589777648448
152,0.6353583144396544
153,0.6353576533868909
154,0.6353569978848099
155,0.6353563397750258
156,0.6353556862100959
157,0.6353548474982381
158,0.6353541892021894
159,0.6353535393625498
160,0.6353528894111514
161,0.6353522360697389
162,0.6353515889495611
163,0.6353507903963327
164,0.6353501787036657
165,0.6353495708107948
166,0.6353489651158452
167,0.6353483543172479
168,0.6353477587923407
169,0.6353469804674386
170,0.6353463711217046
171,0.6353457705676555
172,0.6353451659157873
173,0.6353445648401975
174,0.6353439700976015
175,0.6353432127460837
176,0.6353426095843315
177,0.6353420146554708
178,0.6353414240851998
179,0.635340856090188
180,0.6353402893990279
181,0.635339561700821
182,0.6353389937803149
183,0.6353384334221482
184,0.63533786598593
185,0.6353373062610627
186,0.6353367521241308
187,0.6353360237926244
188,0.6353354582190514
189,0.635334896966815
190,0.6353343455120921
191,0.6353337873518466
192,0.6353332350030542
193,0.6353325149416924
194,0.6353319599106908
195,0.6353314042836428
196,0.6353308507427573
197,0.6353303027898073
198,0.6353297501057387
199,0.6353290471062064
200,0.6353284918516874
201,0.6353279386460781
202,0.6353273944929242
203,0.63532684314996
204,0.6353262932598591
205,0.6353255956992507
206,0.6353250425308943
207,0.6353244977071881
208,0.6353239564970136
209,0.6353234110400081
210,0.6353228657692671
211,0.6353221707046032
212,0.6353216150030494
213,0.6353210796043277
214,0.6353205395117402
215,0.6353199983388186
216,0.6353194516152143
217,0.635318767875433
218,0.6353182224184275
219,0.6353176847845315
220,0.6353171436488628
221,0.6353166099637747
222,0.6353160789236426
223,0.6353153862431645
224,0.6353148671239615
225,0.6353143662214279
226,0.635313866622746
227,0.6353133675828576
228,0.6353128680959343
229,0.6353122284635901
230,0.6353117279335856
231,0.6353112248703837
232,0.635310725606978
233,0.6353102347254753
234,0.6353097369894385
235,0.6353090938553214
236,0.6353085924685001
237,0.6353081013262272
238,0.6353076077625155
239,0.6353071118146181
240,0.6353066268190741
