1,62.7589289855957
2,56.009078102111815
3,48.58921405792236
4,41.169350128173825
5,33.74948595046997
6,26.329622135162353
1,29.315806636810304
2,23.05247226715088
3,16.4607213973999
4,9.870171875953675
5,3.2893560503050683
6,0.001829824334854493
1,16.362359504699707
2,10.153260703086852
3,3.747946574091911
4,0.03060854070674395
5,0.008026121112634428
6,0.008022872232686495
1,37.93126449584961
2,34.61213050842285
3,30.89120449066162
4,27.1702787399292
5,23.44935291290283
6,19.728427124023437
7,16.009673643112183
8,12.288813734054566
9,8.567896571159363
10,4.846977896690369
11,1.1991821606771556
12,0.003318037377903238
13,0.005545875994139351
14,0.005605179700942244
15,0.0056050720741041005
16,0.005604964366357308
17,0.005604856910067611
18,0.005604749336780515
19,0.007832024096278473
20,0.007891214405826758
21,0.007891006064892282
22,0.007890797943109646
23,0.007890589820744935
24,0.007890381360775791
25,0.010116865160525776
26,0.010175905207288451
27,0.010175564467499499
28,0.01017522390553495
29,0.010174883042636793
30,0.010174542471359018
31,0.012400014567247127
32,0.012458871908602304
33,0.012458371228131
34,0.012457870121579617
35,0.012457369309267961
36,0.012456868402077817
37,0.014681118508597137
38,0.01473975209184573
39,0.014739054820965975
40,0.014738357780734077
41,0.014737660768441857
42,0.014736964146140962
43,0.016959765512729062
44,0.017018136745027734
45,0.017017210480116774
46,0.017016284027777148
47,0.017015357627242336
48,0.017014430559356697
49,0.01923556423818809
50,0.01929363994466257
51,0.019292454674869078
52,0.019291270104731667
53,0.019290085444954457
54,0.01928890057213721
55,0.02150815095679718
56,0.02156589908481692
57,0.021564429436111823
58,0.021562959373550256
59,0.021561489525192882
60,0.021560020345059456
61,0.02377717600786127
62,0.023834554792265407
63,0.023832761971862057
64,0.023830970232666004
65,0.023829177902371157
66,0.02382738629996311
67,0.026042229194717947
68,0.026099200814787765
69,0.02609705460985424
70,0.026094908968370873
71,0.026092762894404587
72,0.026090617432782893
73,0.02830292465921957
74,0.028359453051234596
75,0.028356919881771317
76,0.028354386697756126
77,0.02835185354517307
78,0.028349321135610808
79,0.03055887776077725
80,0.030614926857233514
81,0.030611976361251438
82,0.030609026791353244
83,0.030606076541589575
84,0.030603126869827975
85,0.03280971738335211
86,0.032865257548110094
87,0.0328618648648262
88,0.032858472439984326
89,0.032855079889995975
90,0.032851687654911074
91,0.0350551028753398
1,42.2991943359375
2,40.75335826873779
3,38.77811252593994
4,36.80386199951172
5,34.82961265563965
6,32.855992527008056
7,30.882443599700927
8,28.90918441772461
9,26.935931396484374
10,24.964042758941652
11,22.99277021408081
12,21.021531066894532
13,19.051326541900636
14,17.083672790527345
15,15.116335401535034
16,13.149329290390014
17,11.18409158706665
18,9.220333709716797
19,7.2565207242965695
20,5.29375054359436
21,3.331756293773651
22,1.370120617300272
23,0.19456318595737684
24,0.18296815998503008
25,0.18183306194870966
26,0.18093966087268198
27,0.18005186769762077
28,0.17916477646969725
29,0.1782783864630619
30,0.17739268983190415
31,0.17626522104816103
32,0.17537643400813976
33,0.17449321127125586
34,0.1736106700948585
35,0.1727287866923871
36,0.1718476076771185
37,0.17072776420856825
38,0.1698434693866875
39,0.16896473275555762
40,0.16808665335876868
41,0.16720923428656534
42,0.16633247033227236
43,0.165220225933881
44,0.16434034441335826
45,0.16346599778422388
46,0.1625922786220326
47,0.16171920369000872
48,0.16084677253646076
49,0.1597421483747894
50,0.15886656160524582
51,0.157996504137991
52,0.15718315801175778
53,0.15637837745714933
54,0.15557412152993494
55,0.15454091425985098
56,0.15373339917277917
57,0.15293135526182597
58,0.15212986127473413
59,0.15132890427543316
60,0.15052850052656142
61,0.1495023612017394
62,0.14869866193301276
63,0.14790038683189777
64,0.1471026419007103
65,0.14630542342347325
66,0.14550872663705378
67,0.14448972475278424
68,0.14368969878152713
69,0.14293239556165646
70,0.14221556874166708
71,0.1414991891582031
72,0.1407832840975607
73,0.13984826818457805
74,0.13912890329083893
75,0.1384148777680821
76,0.137701306832314
77,0.13698819276265567
78,0.13630339846044082
79,0.13547132251551375
80,0.13485839459346607
81,0.13425075533275957
82,0.13366463305603246
83,0.13310747317969798
84,0.1325506300770212
85,0.13178087893291376
86,0.1312202814669581
87,0.13066491103731095
88,0.13010989136761053
89,0.12955517881782724
90,0.1290007913170848
91,0.1282365106092766
92,0.1276783532265108
93,0.1271254334517289
94,0.12657283251115586
95,0.12602055393799674
96,0.12546860908798407
97,0.12470979057135992
98,0.12415405818959697
99,0.12360353561642114
100,0.12305331601586658
101,0.12250340801372658
102,0.12195382984325988
103,0.1212004992706352
104,0.12064714020030806
105,0.12009899351454806
106,0.11955114485055673
107,0.11901596333540511
108,0.11851473359769443
109,0.11781281641917303
110,0.11730771939037368
111,0.11680780167574994
112,0.11630814998890855
113,0.11580878709821263
114,0.11530969692088547
115,0.11461293123735232
116,0.11410993263794808
117,0.1136120990080235
118,0.11314534298137005
119,0.11269393683418456
120,0.11224277098390303
121,0.11159689531952609
122,0.1111417672103562
123,0.11069176062330371
124,0.11024199995896197
125,0.10979247825685888
126,0.10934316389277228
127,0.10870214965892956
128,0.10824888994480716
129,0.10780074649810559
130,0.1073528422426898
131,0.10690516866685357
132,0.10649362516909605
133,0.10590001827804371
134,0.1054911566642113
135,0.10508739300770685
136,0.10468383482657373
137,0.10428048019704875
138,0.10387732746487018
139,0.10328823921212461
140,0.10288101992744486
141,0.10247891257342417
142,0.10207698401587549
143,0.1016752469324274
144,0.10127372474060393
145,0.10068916682794224
146,0.10028358116571326
147,0.09988309715932701
148,0.099482810239424
149,0.09908271159220021
150,0.09868280852795579
151,0.09810600117838476
152,0.0977344795758836
153,0.09736803550389596
154,0.09700175500242039
155,0.09663565399241633
156,0.09626972363330424
157,0.0957265099172946
158,0.09535646448843181
159,0.09499148382688873
160,0.09462668043444865
161,0.09426205089665018
162,0.09389759077457711
163,0.09338222956692334
164,0.09305323103093542
165,0.09272927291633096
166,0.09240546380809973
167,0.09208180939196609
168,0.0917582908301847
169,0.0912630325590726
170,0.09093535808671732
171,0.09061270907754078
172,0.09029020839428994
173,0.0899678557657171
174,0.0896456470846897
175,0.08915442157885992
176,0.08882803289452568
177,0.08850667285267264
178,0.08818985080928542
179,0.08789849278633483
180,0.08760725281550549
181,0.08714965633815154
182,0.08685418996028602
183,0.08656374040758237
184,0.08627340940292924
185,0.08598321073106491
186,0.0856931528961286
187,0.08523935673641972
188,0.08494503796799108
189,0.08465576194692404
190,0.08436660167877562
191,0.08407754479674623
192,0.08378862590529025
193,0.08333864111802541
194,0.08304548205458559
195,0.08275735546951182
196,0.08246935408911668
197,0.08218145801103674
198,0.08189369182102382
199,0.08144753367058001
200,0.08115552266244777
201,0.08086853465880267
202,0.08058166531147436
203,0.08029492256231606
204,0.08000828263000585
205,0.0795659462560434
206,0.079275087605929
207,0.07898924002307467
208,0.07870350480778143
209,0.07841788325691595
210,0.0781323836138472
211,0.0776938997860998
212,0.07740414242842235
213,0.07711940261535347
214,0.07683477029786445
215,0.07655024762032553
216,0.07626584897749127
217,0.07583121193572878
218,0.07554257698473521
219,0.07525896027218551
220,0.07497545302961953
221,0.0746920468728058
222,0.07440876131062396
223,0.07397798790596426
224,0.07370789986453019
225,0.07345849620178342
226,0.07320918991928921
227,0.07295997736160643
228,0.07271086664986796
229,0.07231686314451508
230,0.07206342904595658
231,0.07181499913800508
232,0.07156665948219597
233,0.07131841230206191
234,0.07107026622048579
235,0.07067986462498084
236,0.07042743740137666
237,0.07017999061616137
238,0.06993264480261133
239,0.06968539087101817
240,0.0694382276549004
