0,0.08168929870784901
1,0.13746006617518947
2,0.1693290760993553
3,0.193250802125389
4,0.15760782983647986
5,0.2112420154229616
6,0.21443690414341113
7,0.23254792660046308
8,0.23380591365666434
9,0.20894568961577864
10,0.24155351817131804
11,0.22470048194328626
12,0.24456869387112487
13,0.235463261092528
14,0.2428913762251409
15,0.2444688548057224
16,0.2455471284901753
17,0.23688099377404767
18,0.24976038813781434
19,0.25796725667608433
20,0.24998003547898115
21,0.2518570326482907
22,0.2613817933506478
23,0.25802716037954765
24,0.27236422107290154
25,0.2652156591034545
26,0.25615016318643435
27,0.2550718892282381
28,0.25071885365361984
29,0.2727236470427757
30,0.2627595878137758
31,0.27430112201708573
32,0.1624600660106459
33,0.2637380227065696
