1,54.67755546569824
2,48.67014278411865
3,42.07901454925537
4,35.48892608642578
5,28.89979850769043
6,22.312900924682616
1,21.419443321228027
2,16.333008270263672
3,11.00411283493042
4,5.675208535194397
5,0.8507640493848885
6,0.0007035402356268605
1,34.30660871505737
2,27.451361198425293
3,20.21676109313965
4,12.98507329940796
5,5.755024256706238
6,0.32238909859297565
1,41.27956829071045
2,39.88143455505371
3,38.066784400939945
4,36.25214042663574
5,34.43750267028808
6,32.622871208190915
7,30.80789863586426
8,28.99327196121216
9,27.178656311035155
10,25.364046478271483
11,23.549442729949952
12,21.734841213226318
13,19.919846630096437
14,18.10521125793457
15,16.290586891174318
16,14.475968523025513
17,12.661355638504029
18,10.846744003295898
19,9.031774759292603
20,7.217157888412475
21,5.402551488876343
22,3.587949666976929
23,1.7733585458993912
24,0.39837015181052265
25,0.3129638428540784
26,0.3114071479707491
27,0.30986083156836686
28,0.30832001314440277
29,0.30678466125682463
30,0.30525472641340456
31,0.30341230166959576
32,0.3018885914463317
33,0.30037508241366595
34,0.2988667630992131
35,0.297363962737727
36,0.2958663221803727
37,0.29405602918908696
38,0.2925642500788672
39,0.29108248217729854
40,0.28960603632585846
41,0.2881346611722256
42,0.2866684067581082
43,0.2848893899298855
44,0.2834286487585632
45,0.2819777426190558
46,0.28053195355430943
47,0.27909117261238864
48,0.2776554031082196
49,0.27590681427100205
50,0.2744762197957607
51,0.27305532604688776
52,0.27163929734611886
53,0.2702282562822802
54,0.26882212580239867
55,0.26710305820335634
56,0.26570173307845835
57,0.26431005183665546
58,0.26292302540852686
59,0.2615406518377131
60,0.26016305798722894
61,0.25847279726353006
62,0.25709977056190836
63,0.2557362355699297
64,0.25437724831863306
65,0.2530228831525892
66,0.25167308931646404
67,0.2500108333758544
68,0.24866536105400883
69,0.2473291888384847
70,0.24599745363986586
71,0.24467011804808864
72,0.24334720899467358
73,0.24171208146901335
74,0.24039319125644398
75,0.2390834578004433
76,0.2377780509972945
77,0.2364769381080987
78,0.23518007139267866
79,0.2335713389090961
80,0.23227827274880838
81,0.23099416953977198
82,0.22971426324103958
83,0.22843856533581858
84,0.22716696402523667
85,0.22558390822261573
86,0.22431584096746518
87,0.22305664910119957
88,0.22180707480874845
89,0.22056251301139126
90,0.21932178866583854
91,0.21776992876606527
92,0.21653220136708115
93,0.21530303295643535
94,0.21407766915101092
95,0.2128561198414536
96,0.2116383378120372
97,0.21010995347693096
98,0.20889497035357635
99,0.207688419164042
100,0.20648556783620733
101,0.20528640012955293
102,0.20409089360095095
103,0.2025852491898695
104,0.20139224540034775
105,0.20020762631727848
106,0.19902652628952638
107,0.19784893229079897
108,0.19667487527709454
109,0.19519130027561915
110,0.19401952491607516
111,0.19285597422916909
112,0.1916959092300385
113,0.19053923474974
114,0.18938590349222068
115,0.1879236606595805
116,0.1867723606619984
117,0.18562917814299
118,0.18448930178536102
119,0.18335271452378948
120,0.18221936433459632
121,0.1807778561656596
122,0.17964639303449076
123,0.1785229630145477
124,0.1774027362576453
125,0.1762856741430005
126,0.1751717606582679
127,0.1737503352831118
128,0.17263803274487144
129,0.17153359146032016
130,0.17043218542065006
131,0.16933385768905282
132,0.16823857393872457
133,0.166836513846647
134,0.1657425729231909
135,0.16465642890252638
136,0.16357326478289905
137,0.16249302789277864
138,0.1614156960247783
139,0.16003242013743146
140,0.15895619986287784
141,0.15788764473283665
142,0.15682195117813535
143,0.15575907657912466
144,0.15469896557973697
145,0.1533337482548086
146,0.15227465208095964
147,0.15122311002050992
148,0.15017432583030313
149,0.14912822110403795
150,0.14808482713415289
151,0.1467371743050171
152,0.14569457282254006
153,0.14465939265384806
154,0.14362685857631732
155,0.14259689197526312
156,0.141569505436928
157,0.14023873203957918
158,0.13921193332294934
159,0.13819243451231158
160,0.13717547372041736
161,0.1361610192793887
162,0.13514904675423167
163,0.13383455190225504
164,0.13282288481888826
165,0.13181844482431188
166,0.13081640978751238
167,0.12981673801958096
168,0.12881951080460566
169,0.12752070471353363
170,0.12652359030849766
171,0.1255336197145516
172,0.12454592998430598
173,0.12356056517397519
174,0.12257752595760393
175,0.12129375178541522
176,0.12031058416469023
177,0.1193344436120242
178,0.11836051509540994
179,0.11738879918120801
180,0.11641922331473324
181,0.1151500012667384
182,0.11418018819531425
183,0.1132172480499139
184,0.11225642860867083
185,0.11129773916851264
186,0.11034107153827791
187,0.10908572713029571
188,0.1081285837222822
189,0.10717825207859277
190,0.10622995893994812
191,0.10528366202895995
192,0.10433933145017363
193,0.10309727792395279
194,0.10215226802392863
195,0.10121398443472572
196,0.10027761536242906
197,0.09934314383426682
198,0.09841054256889038
199,0.09718129780027084
200,0.09624788319983053
201,0.0953210812387988
202,0.09439607685082592
203,0.09347287961049006
204,0.09255148035415914
205,0.09133443813363556
206,0.09041195926023647
207,0.08949603386514354
208,0.08858181784802582
209,0.08766929560981225
210,0.08675845479418058
211,0.08555307348258794
212,0.08464104032493197
213,0.08373543280526065
214,0.08283144974790048
215,0.08192908288969193
216,0.081028289134847
217,0.07983403398946393
218,0.07893183023610618
219,0.07803598606493324
220,0.07714168745907955
221,0.07624892368447035
222,0.07535765999695286
223,0.07417399664525874
224,0.0732810996787157
225,0.07239444231614471
226,0.07150924555608071
227,0.07062548220041208
228,0.06974313375190831
229,0.06856954535178375
230,0.0676854146400001
231,0.06680742724449373
232,0.06593081227503717
233,0.06505555924144574
234,0.06418163078546059
235,0.0630175539915217
236,0.06214163650060073
237,0.06127181309275329
238,0.06040325216017663
239,0.05953593553160317
240,0.05866982414736412
