1,0.7040530018508434
2,0.6130980334803462
3,0.5841344325244426
4,0.5593822908401489
5,0.5376528637856245
6,0.5183813002705574
1,0.7434372938424348
2,0.7292097514867782
3,0.6914865579269827
4,0.6587288255058229
5,0.6308875089418143
6,0.6107994786743075
1,0.583662961833179
2,0.5225526255741716
3,0.496885203383863
4,0.4729065992310643
5,0.4508833430334926
6,0.43240521152503786
1,0.8852134376391768
2,0.827003925293684
3,0.7765709758549929
4,0.7360119983553887
5,0.7032826638221741
6,0.6766895273327828
7,0.654874555170536
8,0.6367739826440811
9,0.6215643921494484
10,0.6086148620396853
11,0.5974441362917423
12,0.5876856176555156
13,0.5790591213107109
14,0.5713508641719818
15,0.5643948072195053
16,0.5580618542432785
17,0.5522504249215126
18,0.5468797166645527
19,0.5418844250962138
20,0.5372124878317117
21,0.5328202380985022
22,0.5286717629432678
23,0.5247370568104088
24,0.5214303642883897
25,0.5195801752433181
26,0.517962329313159
27,0.5164771308936179
28,0.5151108456030488
29,0.5138515021651984
30,0.5126886371150613
31,0.5116127291694283
32,0.5106162923201919
33,0.5096918210200966
34,0.5088329059258103
35,0.508033850658685
36,0.5072895531542599
37,0.5065951181482524
38,0.5059470543451607
39,0.505341350371018
40,0.5047746413946151
41,0.5042439009342342
42,0.5037463671714068
43,0.5032792216353118
44,0.5028408095054329
45,0.5024287525005638
46,0.5020411421079188
47,0.5016762335598469
48,0.5013324387185275
49,0.5010079773887992
50,0.5007021395489574
51,0.500413373010233
52,0.5001405413541943
53,0.49988258820027115
54,0.499638547943905
55,0.49940719751641155
56,0.4991883539874107
57,0.49898092219606044
58,0.49878419991582634
59,0.4985975195560604
60,0.4984202616941184
61,0.4982515481580049
62,0.4980914647225291
63,0.4979392221244052
64,0.4977943453425542
65,0.49765641218982637
66,0.49752500844188036
67,0.4973994487337768
68,0.49728001207578926
69,0.4971660648100078
70,0.4970572883589193
71,0.4969534063572064
72,0.4968541378714144
73,0.49675891605671496
74,0.4966681364970282
75,0.49658126559108495
76,0.49649809212889523
77,0.49641841613221915
78,0.4963420502934605
79,0.4962685149721801
80,0.4961982659297064
81,0.4961308414535597
82,0.49606609384529293
83,0.4960038884775713
84,0.4959440901083872
85,0.49588626927696167
86,0.49583092652261257
87,0.4957776572974399
88,0.4957263514678925
89,0.4956769187562168
90,0.49562925192527474
91,0.49558296147733927
92,0.4955385826854035
93,0.4954957331623882
94,0.49545433578081427
95,0.49541432834696025
96,0.4953756339056417
97,0.4953378815576434
98,0.4953016391536221
99,0.49526653152890504
100,0.49523251729551704
101,0.4951995342411101
102,0.495167542998679
103,0.4951361751277
104,0.49510601289570333
105,0.4950767156528309
106,0.4950482382252812
107,0.4950205412460491
108,0.4949935988569632
109,0.49496704425197097
110,0.4949414828652516
111,0.49491658018436285
112,0.49489229140337554
113,0.494868602855131
114,0.49484547996427863
115,0.49482258403208107
116,0.4948005170142278
117,0.4947789564123377
118,0.4947578615183011
119,0.4947372269211337
120,0.4947170282760635
121,0.494696935294196
122,0.4946775454375893
123,0.49465854197740555
124,0.4946399093605578
125,0.4946216246439144
126,0.49460367184132337
127,0.4945857268292457
128,0.49456840213388203
129,0.4945513784280047
130,0.4945346379559487
131,0.49451816770713775
132,0.4945019612647593
133,0.4944856904819608
134,0.4944699689792469
135,0.4944544770615175
136,0.4944392122887075
137,0.4944241585303098
138,0.4944093056488782
139,0.4943943410879001
140,0.49437986792530864
141,0.49436557886656374
142,0.4943514663446695
143,0.49433752410579473
144,0.4943237328948453
145,0.49430979615077375
146,0.49429630564991384
147,0.49428296665661037
148,0.4942697677575052
149,0.49425669363699853
150,0.49424375551752747
151,0.4942306317994371
152,0.4942179236235097
153,0.49420533638913183
154,0.4941928577469662
155,0.49418048770166934
156,0.4941682176385075
157,0.4941557405749336
158,0.4941436579078436
159,0.4941316660819575
160,0.49411977697629483
161,0.4941079598572105
162,0.49409623376559464
163,0.4940842745732516
164,0.4940726998215541
165,0.49406120060011743
166,0.4940497751068324
167,0.4940384179353714
168,0.49402712372597307
169,0.4940155938453972
170,0.4940044311387464
171,0.49399332895874976
172,0.4939822797477245
173,0.4939712957642041
174,0.4939603654691018
175,0.4939491867576726
176,0.4939383552013896
177,0.49392758631147443
178,0.4939168575289659
179,0.49390618070960046
180,0.4938955486472696
181,0.49388465580064805
182,0.4938741120859049
183,0.4938636134634726
184,0.4938531552418135
185,0.4938427336839959
186,0.4938323505572043
187,0.49382170556113125
188,0.4938114004442468
189,0.49380112510640173
190,0.49379089270019905
191,0.49378069115104156
192,0.49377052382798864
193,0.49376009540865196
194,0.4937499886099249
195,0.4937399140023626
196,0.4937298680958338
197,0.4937198566785082
198,0.49370987982722
199,0.49369962214957924
200,0.49368969339411706
201,0.49367978881113234
202,0.4936699176905677
203,0.4936600702884607
204,0.4936502453731373
205,0.4936401527328417
206,0.49363036887254563
207,0.4936206239880994
208,0.4936108983424492
209,0.49360119190532714
210,0.4935915154777467
211,0.493581559502054
212,0.49357191861374305
213,0.49356230098521336
214,0.4935527117853053
215,0.4935431357217021
216,0.4935335815465078
217,0.493523754091002
218,0.4935142366075888
219,0.49350474037230013
220,0.493495266737882
221,0.49348581400001423
222,0.49347637047758325
223,0.4934666578378528
224,0.49345725366147236
225,0.493447868488729
226,0.49343850024277347
227,0.49342915662564335
228,0.49341982138343154
229,0.49341021601110696
230,0.493400910992641
231,0.493391628137324
232,0.4933823648351245
233,0.49337311534909534
234,0.4933638798142783
235,0.49335437709465624
236,0.4933451612526551
237,0.4933359758392908
238,0.4933268046984449
239,0.49331764681031925
240,0.4933085043891333
