1,0.6493754474107266
2,0.5644278854298314
3,0.542055406609626
4,0.5238933599034418
5,0.5087530613209873
6,0.4960683999451804
1,0.7220178477964311
2,0.7128767454788348
3,0.6804824418573948
4,0.6530536193425489
5,0.6300367426093697
6,0.610798766789711
1,0.5493563523541228
2,0.4951012590744911
3,0.476668442479062
4,0.4599215299166275
5,0.4451283228275098
6,0.4320828231143167
1,0.8439338611528666
2,0.787122489668682
3,0.7385041918094231
4,0.6997598626806102
5,0.6688451626685193
6,0.6440666592010257
7,0.6240666571960112
8,0.6077807094216113
9,0.5943857314563917
10,0.5832508118077471
11,0.5738946929756888
12,0.5659507756187684
13,0.5591392763143512
14,0.5532456523397413
15,0.5481042183685159
16,0.5435858853218705
17,0.5395890683220412
18,0.5360329749446727
19,0.5328526534024357
20,0.5299953296492619
21,0.5274176841581191
22,0.5250838132961029
23,0.5229636906216885
24,0.5210319949302818
25,0.5192672090507259
26,0.5176509200334393
27,0.5161672703984145
28,0.5148025237035246
29,0.5135447174267892
30,0.5123833831556489
31,0.5113093191379032
32,0.5103144039334827
33,0.5093914426079589
34,0.508534038905343
35,0.5077364883252942
36,0.5069936881473265
37,0.5063010612910507
38,0.5056544915478648
39,0.5050502682171276
40,0.504485038565895
41,0.5039557668330735
42,0.5034596987364531
43,0.5029943306294463
44,0.5025573826046943
45,0.5021467749624249
46,0.501760607559005
47,0.5013971416303558
48,0.501054783749669
49,0.500732071632014
50,0.5004276615423188
51,0.5001403170995515
52,0.4998688993002649
53,0.49961235760995704
54,0.4993697219920062
55,0.4991400957618621
56,0.49892264916933615
57,0.49871661362473624
58,0.4985212764955523
59,0.4983359764097806
60,0.4981600990100199
61,0.49799307310938645
62,0.497834367206244
63,0.49768348631991977
64,0.4975399691140223
65,0.4974033852778713
66,0.49727333313992395
67,0.4971494374900415
68,0.49703134759000134
69,0.49691873535394754
70,0.4968112936824411
71,0.49670873493552464
72,0.49661078953176707
73,0.4965172046615997
74,0.49642774310447735
75,0.4963421821404481
76,0.49626031254768144
77,0.4961819376783285
78,0.4961068726058571
79,0.49603494333765175
80,0.4959659860872889
81,0.49589984660141034
82,0.49583637953660864
83,0.49577544788216504
84,0.4957169224248594
85,0.4956606812524164
86,0.4956066092924775
87,0.4955545978842434
88,0.495504544380208
89,0.4954563517756159
90,0.49540992836348574
91,0.49536518741323604
92,0.4953220468711021
93,0.4952804290807019
94,0.4952402605222327
95,0.49520147156891947
96,0.49516399625943736
97,0.4951277720851474
98,0.4950927397910609
99,0.49505884318956106
100,0.49502602898595827
101,0.4949942466150506
102,0.49496344808791803
103,0.4949335878482329
104,0.4949046226374367
105,0.494876511368173
106,0.4948492150054141
107,0.4948226964547678
108,0.4947969204574777
109,0.49477185349167985
110,0.4947474636794968
111,0.4947237206995909
112,0.49470059570482283
113,0.4946780612446841
114,0.49465609119219955
115,0.4946346606750154
116,0.4946137460104083
117,0.4945933246439707
118,0.49457337509174254
119,0.49455387688557634
120,0.49453481052154
121,0.4945161574111649
122,0.49449789983537734
123,0.49448002090094073
124,0.49446250449926654
125,0.4944453352674505
126,0.4944284985513985
127,0.49441198037092865
128,0.49439576738672436
129,0.4943798468690374
130,0.494364206668038
131,0.49434883518571715
132,0.4943337213492543
133,0.49431885458576275
134,0.4943042247983457
135,0.49428982234337304
136,0.49427563800892815
137,0.4942616629943481
138,0.49424788889080173
139,0.4942343076628476
140,0.49422091163091797
141,0.4942076934546811
142,0.49419464611722996
143,0.49418176291005717
144,0.4941690374187723
145,0.4941564635095221
146,0.49414403531607465
147,0.49413174722753817
148,0.49411959387667453
149,0.49410757012877937
150,0.49409567107110164
151,0.49408389200276814
152,0.4940722284251972
153,0.4940606760329647
154,0.49404923070510753
155,0.4940378884968419
156,0.4940266456316694
157,0.49401549849385873
158,0.49400444362127893
159,0.49399347769856883
160,0.4939825975506259
161,0.493971800136399
162,0.4939610825429678
163,0.49395044197989735
164,0.4939398757738525
165,0.49392938136346265
166,0.4939189562944177
167,0.49390859821479316
168,0.49389830487058634
169,0.4938880741014565
170,0.49387790383665653
171,0.49386779209115333
172,0.4938577369619183
173,0.4938477366243892
174,0.49383778932908906
175,0.49382789339839656
176,0.4938180472234627
177,0.49380824926126266
178,0.4937984980317814
179,0.4937887921153232
180,0.49377913014994085
181,0.49376951082897763
182,0.49375993289871933
183,0.4937503951561491
184,0.49374089644680064
185,0.49373143566270683
186,0.4937220117404367
187,0.4937126236592193
188,0.49370327043914874
189,0.49369395113946873
190,0.49368466485692963
191,0.4936754107242187
192,0.49366618790845673
193,0.49365699560976145
194,0.4936478330598721
195,0.4936386995208316
196,0.4936295942837293
197,0.49362051666749307
198,0.4936114660177383
199,0.49360244170566053
200,0.49359344312697984
201,0.49358446970092934
202,0.493575520869284
203,0.49356659609543596
204,0.4935576948635024
205,0.4935488166774784
206,0.4935399610604209
207,0.49353112755366785
208,0.4935223157160923
209,0.4935135251233839
210,0.49350475536736865
211,0.4934960060553465
212,0.49348727680946575
213,0.4934785672661176
214,0.4934698770753624
215,0.49346120590037224
216,0.4934525534169032
217,0.4934439193127861
218,0.4934353032874401
219,0.49342670505140696
220,0.49341812432590065
221,0.4934095608423826
222,0.4934010143421475
223,0.49339248457593166
224,0.4933839713035344
225,0.49337547429345563
226,0.49336699332254935
227,0.4933585281756922
228,0.4933500786454607
229,0.4933416445318294
230,0.49333322564187526
231,0.4933248217894976
232,0.49331643279514586
233,0.49330805848556425
234,0.4932996986935402
235,0.4932913532576698
236,0.4932830220221268
237,0.4932747048364448
238,0.493266401555306
239,0.49325811203834113
240,0.4932498361499363
