1,0.5782834495417774
2,0.42010567399673165
3,0.4121720941597596
4,0.4054773583635688
5,0.3995292476797476
6,0.39424526478629557
1,0.7838339660316705
2,0.6950907485187053
3,0.6701867905631661
4,0.6485703602433205
5,0.6297543405368924
6,0.6131925258412957
1,0.746936473660171
2,0.7256412730552256
3,0.7061669915914536
4,0.6896988041326404
5,0.6758428961783648
6,0.664228065237403
1,0.9177564424276352
2,0.8759849424660205
3,0.83452810510993
4,0.8005692957341671
5,0.772965921163559
6,0.7505987051129341
7,0.7324451637268067
8,0.717623056769371
9,0.7054012063145637
10,0.6951934505999088
11,0.6865402336418629
12,0.6790866619348526
13,0.6725609031319618
14,0.6667890791594983
15,0.6633166317641735
16,0.6612733227014541
17,0.6595813253521919
18,0.6581697665154934
19,0.6569835416972637
20,0.6559803606569767
21,0.6551264680922031
22,0.6543953622877597
23,0.6537660078704357
24,0.6532215137779712
25,0.6527480896562338
26,0.6523351618647575
27,0.6519735144078731
28,0.6516557312011719
29,0.6513757054507733
30,0.6511283276230097
31,0.6509090895205736
32,0.650714867040515
33,0.650542364269495
34,0.650388986542821
35,0.6502525001764298
36,0.6501309791952372
37,0.650022507160902
38,0.6499261163175106
39,0.6498402986675501
40,0.6497639381885528
41,0.6496960548311472
42,0.6496357703953981
43,0.6495820730924606
44,0.6495347597450017
45,0.6494929724186659
46,0.6494561662524938
47,0.6494238453358412
48,0.6493955594301224
49,0.6493706804513931
50,0.6493493091315031
51,0.6493309100717306
52,0.6493151611834764
53,0.6493018119037152
54,0.6492906191945076
55,0.6492811200022698
56,0.6492736004292965
57,0.6492676412314177
58,0.6492630671709776
59,0.6492597506195307
60,0.6492575399577618
61,0.649256087616086
62,0.649255740121007
63,0.6492561800777912
64,0.6492573054879904
65,0.6492590331286192
66,0.6492612963169813
67,0.649263779297471
68,0.6492668875306845
69,0.6492703537642955
70,0.6492741104960441
71,0.649278110191226
72,0.649282319843769
73,0.6492864563316106
74,0.6492909668385982
75,0.6492955781519413
76,0.6493002759665251
77,0.6493050284683705
78,0.6493098063021898
79,0.6493143632262945
80,0.6493191494047642
81,0.6493239136785269
82,0.6493286561965942
83,0.6493333432078362
84,0.6493379767984152
85,0.6493423165380955
86,0.649346809759736
87,0.6493512228131294
88,0.6493555568158627
89,0.649359799399972
90,0.6493639448285102
91,0.649367766007781
92,0.6493717089295388
93,0.6493755524605512
94,0.6493792955577373
95,0.6493829303234816
96,0.6493864644318819
97,0.6493896452337503
98,0.6493929532170296
99,0.6493961654603482
100,0.6493992613255978
101,0.6494022611528635
102,0.6494051562249661
103,0.6494077248871326
104,0.6494104262441397
105,0.6494130270183086
106,0.6494155403226614
107,0.6494179448485374
108,0.6494202583283186
109,0.6494222503900527
110,0.6494243706017733
111,0.6494264150410891
112,0.6494283635914325
113,0.6494302324205637
114,0.6494320116192103
115,0.6494334854930639
116,0.6494351069629193
117,0.6494366549700499
118,0.6494381232559681
119,0.6494395215064287
120,0.6494408481568098
121,0.6494418796896935
122,0.6494430658221245
123,0.6494441966712475
124,0.6494452615082263
125,0.6494462654739618
126,0.6494472113251686
127,0.6494478669762611
128,0.6494486998021602
129,0.6494494704157114
130,0.6494501992315054
131,0.6494508791714907
132,0.6494515004754067
133,0.6494518622010946
134,0.649452388510108
135,0.6494528822600841
136,0.6494533274322748
137,0.6494537403434515
138,0.6494541075080633
139,0.6494542131572962
140,0.649454500079155
141,0.6494547650963068
142,0.6494549839943647
143,0.6494551751762628
144,0.649455336034298
145,0.6494552355259657
146,0.6494553313404322
147,0.649455403983593
148,0.6494554403424263
149,0.6494554653018713
150,0.6494554605334997
151,0.649455194696784
152,0.6494551365822554
153,0.6494550611823797
154,0.649454957395792
155,0.649454829916358
156,0.6494546949118376
157,0.6494543072581291
158,0.6494541186094284
159,0.6494539250433445
160,0.6494537105411291
161,0.6494534733891487
162,0.6494532281160355
163,0.649452745616436
164,0.6494524658471346
165,0.6494521721452474
166,0.6494518647342921
167,0.6494515562057495
168,0.6494512228667736
169,0.6494506524503231
170,0.6494502963125706
171,0.6494499361515045
172,0.6494495664536953
173,0.6494491841644049
174,0.6494487903267145
175,0.6494481613487005
176,0.6494477431476117
177,0.6494473299384117
178,0.6494468998163938
179,0.6494464661180973
180,0.6494460283219814
181,0.6494453590363264
182,0.649444897249341
183,0.6494444396346808
184,0.6494439712911845
185,0.6494435017555952
186,0.6494430194795132
187,0.6494423165172338
188,0.6494418282806873
189,0.6494413405656815
190,0.6494408401846886
191,0.6494403393566608
192,0.6494398344308138
193,0.6494391030818224
194,0.6494385886937379
195,0.6494380732625723
196,0.6494375578314066
197,0.6494370371103286
198,0.6494365141540765
199,0.649435765966773
200,0.6494352355599403
201,0.6494347015023232
202,0.6494341710209847
203,0.6494336318969727
204,0.6494330974668264
205,0.6494323389232158
206,0.6494318010658026
207,0.6494312568753958
208,0.6494307144731283
209,0.6494301696866751
210,0.6494296300411224
211,0.649428867995739
212,0.6494283179938793
213,0.6494277647137642
214,0.6494272188842296
215,0.6494266644120217
216,0.6494261191785335
217,0.6494253535568714
218,0.649424801915884
219,0.6494242502003909
220,0.6494236958771944
221,0.6494231486320495
222,0.6494225981831551
223,0.6494218291342259
224,0.6494212821125984
225,0.6494207274913788
226,0.6494201795756817
227,0.6494196309149265
228,0.6494190778583289
229,0.6494183284789323
230,0.6494177837669849
231,0.649417240768671
232,0.6494166984409094
233,0.6494161634892225
234,0.6494156311452389
235,0.6494148793071508
236,0.6494143372774124
237,0.6494138004630804
238,0.6494132652133703
239,0.6494127329438925
240,0.649412193223834
