1,0.5771709273508554
2,0.4201048003043084
3,0.4121712184457513
4,0.40547648598224895
5,0.3995283753426454
6,0.3942443978072677
1,0.7363450650460159
2,0.6519037622506473
3,0.6318036715059073
4,0.6149903783798275
5,0.6009738531842852
6,0.5892089132669835
1,0.7467299644952883
2,0.7254756393111151
3,0.7060017164674908
4,0.6895338773635089
5,0.6756783196766912
6,0.6640638412379889
1,0.8810229370538305
2,0.8416164383952709
3,0.8029149741903677
4,0.7717115293623051
5,0.7468635142300577
6,0.727251650251252
7,0.7118537906634504
8,0.6997870316588097
9,0.6903205192286397
10,0.6828681062036087
11,0.6769702220984971
12,0.6722719708311738
13,0.6685017754833111
14,0.6654527113875602
15,0.6629672203225166
16,0.6609250953058071
17,0.659234274077289
18,0.6578238909980227
19,0.6566390757494607
20,0.6556370723786411
21,0.6547843434112466
22,0.6540544041140268
23,0.653426196780033
24,0.6528828647103931
25,0.6524108228194071
26,0.6519990492343779
27,0.6516385423198986
28,0.6513219021690704
29,0.6510430062486593
30,0.6507967566549334
31,0.6505788821277403
32,0.6503857821567586
33,0.6502144036088268
34,0.6500621426053916
35,0.6499267660978856
36,0.649806348880128
37,0.6496992227522103
38,0.6496039352908359
39,0.6495192162461458
40,0.649443950018266
41,0.6493771530004498
42,0.6493179548337238
43,0.6492655828183597
44,0.6492193488836736
45,0.6491786386399013
46,0.6491429021318333
47,0.6491116459894557
48,0.6490844267305852
49,0.6490608450177688
50,0.6490405407093813
51,0.6490231885748063
52,0.6490084945675976
53,0.6489961925697171
54,0.6489860415354287
55,0.6489778229758918
56,0.6489713387355838
57,0.6489664090198866
58,0.6489628706398146
59,0.6489605754453345
60,0.6489593889231752
61,0.6489591889387046
62,0.6489598646044847
63,0.6489613152606295
64,0.6489634495541838
65,0.6489661846064897
66,0.6489694452589753
67,0.6489731633890387
68,0.6489772772887485
69,0.648981731099972
70,0.6489864743002959
71,0.6489914612347789
72,0.6489966506891091
73,0.6490020055002469
74,0.649007492201051
75,0.6490130806957467
76,0.6490187439634397
77,0.6490244577871291
78,0.6490302005059578
79,0.6490359527886441
80,0.6490416974262305
81,0.649047419142474
82,0.6490531044203505
83,0.6490587413432876
84,0.6490643194498692
85,0.6490698296008638
86,0.6490752638575301
87,0.6490806153702577
88,0.64908587827666
89,0.6490910476083414
90,0.6490961192055987
91,0.6491010896394106
92,0.6491059561400921
93,0.6491107165320728
94,0.6491153691742814
95,0.6491199129056782
96,0.6491243469955046
97,0.6491286710978568
98,0.6491328852102346
99,0.6491369896357224
100,0.6491409849485167
101,0.6491448719625069
102,0.6491486517026698
103,0.6491523253790352
104,0.6491558943630115
105,0.649159360165877
106,0.6491627244192515
107,0.6491659888573867
108,0.6491691553011227
109,0.6491722256433653
110,0.6491752018359638
111,0.6491780858778696
112,0.6491808798044552
113,0.6491835856779159
114,0.6491862055786405
115,0.6491887415974854
116,0.6491911958288594
117,0.6491935703645595
118,0.649195867288289
119,0.6491980886707946
120,0.6492002365655736
121,0.6492023130050967
122,0.6492043199975
123,0.6492062595237084
124,0.6492081335349456
125,0.6492099439505966
126,0.6492116926563938
127,0.6492133815028915
128,0.6492150123042033
129,0.649216586836979
130,0.6492181068395922
131,0.6492195740115266
132,0.6492209900129322
133,0.6492223564643378
134,0.6492236749465069
135,0.6492249470004137
136,0.6492261741273362
137,0.649227357789042
138,0.6492284994080687
139,0.6492296003680765
140,0.649230662014272
141,0.6492316856538883
142,0.649232672556723
143,0.6492336239557123
144,0.649234541047552
145,0.6492354249933421
146,0.649236276919268
147,0.6492370979172953
148,0.6492378890458889
149,0.6492386513307429
150,0.6492393857655191
151,0.6492400933126002
152,0.6492407749038397
153,0.6492414314413162
154,0.649242063798091
155,0.6492426728189582
156,0.649243259321193
157,0.6492438240952951
158,0.6492443679057232
159,0.6492448914916217
160,0.6492453955675392
161,0.6492458808241335
162,0.6492463479288704
163,0.6492467975267037
164,0.6492472302407519
165,0.6492476466729503
166,0.6492480474047029
167,0.6492484329975065
168,0.6492488039935763
169,0.649249160916442
170,0.6492495042715425
171,0.6492498345467973
172,0.6492501522131694
173,0.6492504577252098
174,0.6492507515215918
175,0.6492510340256262
176,0.6492513056457682
177,0.6492515667761042
178,0.6492518177968312
179,0.6492520590747175
180,0.6492522909635532
181,0.6492525138045849
182,0.649252727926941
183,0.6492529336480405
184,0.6492531312739948
185,0.6492533210999879
186,0.6492535034106564
187,0.6492536784804486
188,0.6492538465739777
189,0.6492540079463605
190,0.6492541628435479
191,0.6492543115026419
192,0.6492544541522058
193,0.6492545910125626
194,0.6492547222960822
195,0.6492548482074624
196,0.6492549689439978
197,0.6492550846958405
198,0.6492551956462538
199,0.649255301971855
200,0.6492554038428514
201,0.6492555014232683
202,0.649255594871168
203,0.6492556843388637
204,0.6492557699731235
205,0.6492558519153699
206,0.6492559303018696
207,0.6492560052639196
208,0.6492560769280243
209,0.6492561454160706
210,0.6492562108454897
211,0.6492562733294206
212,0.649256332976865
213,0.649256389892835
214,0.6492564441784983
215,0.6492564959313161
216,0.64925654524518
217,0.6492565922105383
218,0.6492566369145222
219,0.6492566794410665
220,0.6492567198710247
221,0.6492567582822829
222,0.6492567947498649
223,0.6492568293460387
224,0.6492568621404169
225,0.6492568932000508
226,0.6492569225895279
227,0.6492569503710584
228,0.6492569766045638
229,0.6492570013477592
230,0.6492570246562371
231,0.6492570465835393
232,0.6492570671812383
233,0.6492570864990043
234,0.6492571045846784
235,0.6492571214843379
236,0.6492571372423608
237,0.6492571519014888
238,0.6492571655028883
239,0.6492571780862044
240,0.6492571896896225
