1,1.1125170342855564
2,0.0008665667394416232
3,0.0008665631157055031
4,0.0008665594905323815
5,0.0008665558877692092
6,0.0008665522397313907
1,47.48889022827149
2,43.18698913574219
3,38.38312271118164
4,33.579977703094485
5,28.780487480163575
6,23.983611698150636
1,0.20651083098578965
2,0.16563321898400318
3,0.16528004462132231
4,0.16492738586413908
5,0.16457521425385493
6,0.1642236033512745
1,36.7335083770752
2,34.368500556945804
3,31.613131732940673
4,28.85776725769043
5,26.10240716934204
6,23.34705135345459
7,20.59137432098389
8,17.836024703979493
9,15.08068380355835
10,12.325347852706908
11,9.570016160011292
12,6.8146923589706425
13,4.05913108587265
14,1.3363715815666364
15,0.3494135663518682
16,0.3482291198664461
17,0.34704864680505126
18,0.3458720444526989
19,0.34446194465883306
20,0.3432877994212322
21,0.34212299829931
22,0.34096214778081047
23,0.339805101059319
24,0.3386519377591321
25,0.3372649084759178
26,0.33611405245785136
27,0.3349724481953308
28,0.33383462502009936
29,0.3327006020845147
30,0.33157033782976214
31,0.33020594063709724
32,0.3290778420330025
33,0.3279589319328079
34,0.3268437759310473
35,0.32573237493721535
36,0.32462465079675895
37,0.32328265375515913
38,0.3221769199683331
39,0.32108031486917754
40,0.31998738676251376
41,0.3188981098588556
42,0.3178124706703238
43,0.31649246814777143
44,0.3154086392308818
45,0.314333805788192
46,0.31326263868308163
47,0.31219509352056773
48,0.31113108462654054
49,0.30983280344167724
50,0.3087705588026438
51,0.30771728419640565
52,0.3066675706231035
53,0.3056213295069756
54,0.30457856798311694
55,0.30330166116007606
56,0.3022605036792811
57,0.30122820375429
58,0.300199428134365
59,0.29917412911076097
60,0.2981522147747455
61,0.2968963746767258
62,0.2958759788912721
63,0.2948642979649594
64,0.2938560205133399
65,0.2928510673699202
66,0.2918495012249332
67,0.29061426750966346
68,0.28961408197530547
69,0.28862254962034056
70,0.2876343638653634
71,0.28664945904980416
72,0.2856679014058318
73,0.28445302647771314
74,0.28347280895977744
75,0.2825012632337166
76,0.2815329427632969
77,0.28056779921462294
78,0.2796058911900036
79,0.2784111084722099
80,0.277450389721198
81,0.27649816247751
82,0.2755491191663896
83,0.2746033001737669
84,0.27366069658775816
85,0.27248559867381117
86,0.27154401389532723
87,0.2706108875587233
88,0.2696808656351641
89,0.26875399649841714
90,0.2678302332822932
91,0.2666745077370433
92,0.265751614968176
93,0.2648371918895282
94,0.26392583407403436
95,0.26301748921745455
96,0.2621122376032872
97,0.2609755784185836
98,0.2600710130779771
99,0.25917484449921174
100,0.25828169080021324
101,0.2573915273096645
102,0.2565043074591085
103,0.2553986206249101
104,0.25452972155064346
105,0.25366909261036197
106,0.25281126169429624
107,0.2519562108500395
108,0.25110392360307743
109,0.2500213869294384
110,0.24916932852647733
111,0.24832538478425703
112,0.24748422302945983
113,0.24664585757360327
114,0.2458101992821321
115,0.24474492600827943
116,0.24390941423829646
117,0.2430819729459472
118,0.24225721402443015
119,0.2414351658493979
120,0.2406158264412079
121,0.23956766643561422
122,0.23874836948991288
123,0.23793711234873627
124,0.2371285103977425
125,0.236322513219784
126,0.2355191282375017
127,0.2344877260812791
128,0.23368424757616593
129,0.2328887884732103
130,0.23209594504674896
131,0.23130565018334892
132,0.23051791866484564
133,0.2295029928733129
134,0.22871519283042288
135,0.22793520651524887
136,0.2271577810589224
137,0.22638288641232066
138,0.22561051236931234
139,0.2246118214679882
140,0.2238392597035272
141,0.22307455837435555
142,0.2223123272054363
143,0.22155255646677688
144,0.22079524995933753
145,0.21981247906864154
146,0.2190547976497328
147,0.21830491184431594
148,0.21755749315256254
149,0.216812567137531
150,0.21606999115727377
151,0.21510283620504198
152,0.21435989278543274
153,0.21362471232248936
154,0.21289195039484185
155,0.21216150443302467
156,0.21143343278265092
157,0.21048174454306717
158,0.20975317879463545
159,0.20903233869117685
160,0.20831386553123593
161,0.20759768507501575
162,0.20688378765655216
163,0.20594717742409557
164,0.20523265779775102
165,0.20452581664430908
166,0.20382125161471776
167,0.2031189603166422
168,0.2024190038064262
169,0.20149725978611968
170,0.2007965774933109
171,0.20010352353390773
172,0.19941274866403547
173,0.19872415253135842
174,0.19803781579248608
175,0.19713070608442648
176,0.19644352670758963
177,0.19576393656258007
178,0.19508653051161673
179,0.19441128186823334
180,0.19373828226001932
181,0.19284557495673652
182,0.19217166379792616
183,0.19150529501144775
184,0.19084114567376673
185,0.19017912321200128
186,0.1895191892213188
187,0.18864055691636167
188,0.18797971482796128
189,0.18732636837870814
190,0.1866751690028468
191,0.1860259779065382
192,0.18537892086198554
193,0.1845141222147504
194,0.18386600341647863
195,0.18322537337837275
196,0.18258674422453625
197,0.18195023020089138
198,0.18131578585947863
199,0.18046457847638522
200,0.17982895663008094
201,0.17920073699380737
202,0.17857455772405956
203,0.17795040762634018
204,0.17732824984181206
205,0.17649042518169153
206,0.17586705186287874
207,0.17525099794613197
208,0.17463697887083982
209,0.1740249158075312
210,0.1734148064791225
211,0.17259012258728035
212,0.17197870904637966
213,0.1713746189227095
214,0.17077243007777723
215,0.17017225722083823
216,0.16957392014563083
217,0.16876207645225805
218,0.1681624379294226
219,0.16757011286215856
220,0.16697967453394086
221,0.16639115137979388
222,0.1658045217685867
223,0.16500538756430616
224,0.16441732247825713
225,0.1638365271256771
226,0.16325757387618067
227,0.16268047475023195
228,0.16210521515051368
229,0.1613223304244457
230,0.16075456171645783
231,0.16019391575886402
232,0.15963504746730905
233,0.159077910593478
234,0.158522480285028
235,0.15775673508527688
236,0.1571996030228911
237,0.15664960454858373
238,0.15610134554444813
239,0.15555475097731686
240,0.1550098774401704
