1,4.295292429924011
2,0.14213815957729822
3,0.045037357876135505
4,0.044992670498031656
5,0.044948012526438104
6,0.04490337832714431
1,20.236815280914307
2,18.01524688720703
3,15.581869449615478
4,13.149351739883423
5,10.716819496154786
6,8.284283938407897
1,59.24969844818115
2,52.797820472717284
3,45.714645080566406
4,38.631598205566405
5,31.549113979339598
6,24.468586921691895
1,74.33748435974121
2,68.71210403442383
3,62.30425979614258
4,55.89873718261719
5,49.495391387939456
6,43.093744354248045
7,36.69614444732666
8,30.29469961166382
9,23.89324529647827
10,17.49178514480591
11,11.09031862258911
12,4.689674593210221
13,0.18185423394177633
14,0.00981186710032489
15,0.00981159964008839
16,0.00981133224151563
17,0.009811065098801919
18,0.009810797748577897
19,0.013910809750232147
20,0.013918239717604593
21,0.013917711368412711
22,0.013917182652221527
23,0.01391665426286636
24,0.013916125554533209
25,0.01801402363795205
26,0.018021097374148667
27,0.018020224712818163
28,0.018019352608243933
29,0.018018479966995075
30,0.018017607860674616
31,0.022112792043335504
32,0.02211941231493256
33,0.02211810269000125
34,0.022116793093300658
35,0.022115483980305727
36,0.022114174618036487
37,0.026206027847365476
38,0.026212107485625892
39,0.02621027798508294
40,0.026208449277910405
41,0.026206619391450657
42,0.026204790340852924
43,0.03029271133549628
44,0.030298166177381063
45,0.0302957351123041
46,0.03029330492092413
47,0.030290873742269468
48,0.03028844326334365
49,0.03437183754344005
50,0.03437656877737027
51,0.034373441266361625
52,0.03437031412788201
53,0.034367186880554075
54,0.03436405993939843
55,0.03844231877999846
56,0.038446243186481294
57,0.038442340905894525
58,0.038438437106087804
59,0.03843453488778323
60,0.038430631766095756
61,0.042503160792402926
62,0.04250619312690105
63,0.04250143157027196
64,0.04249667080584914
65,0.04249191000650171
66,0.04248715033521876
67,0.04655335303628817
68,0.046555397225311025
69,0.04654968746122904
70,0.04654397693579085
71,0.04653826752095483
72,0.04653255864745006
73,0.05059184867888689
74,0.05059283251524903
75,0.05058610248030163
76,0.050579373394139114
77,0.050572646399959925
78,0.05056591842439957
79,0.054617717447690665
80,0.05461754249874502
81,0.054609699026914316
82,0.054601856110384685
83,0.05459401439060457
84,0.05458617463940754
85,0.05862988308304921
86,0.05862845671828836
87,0.05861940953531303
88,0.05861036480288021
89,0.058601319696754216
90,0.058592278651194644
91,0.06262730876449496
92,0.06262455803225749
93,0.06261424095486291
94,0.06260392571915872
95,0.06259360920405016
96,0.06258329562144355
97,0.066609085414093
98,0.06660492262803018
99,0.06659324663691223
100,0.0665815725363791
101,0.06656990038231016
102,0.06655823215376586
103,0.0705741926562041
104,0.07056852629058995
105,0.07055540908710099
106,0.07054229120025411
107,0.07052917656023056
108,0.07051606289925985
109,0.07452163863228634
110,0.0745144063141197
111,0.07449978170217947
112,0.07448515981901437
113,0.07447054181655403
114,0.07445592274365481
115,0.07845054979145061
116,0.07844166188559029
117,0.07842545204504858
118,0.07840924585063476
119,0.07839303846296389
120,0.07837683560966979
121,0.08235996332310606
122,0.08234933504892979
123,0.08233145390928258
124,0.08231357987679075
125,0.082295713412459
126,0.08227784897724633
127,0.0862489117286168
128,0.08623646285501309
129,0.08621682883589528
130,0.08619719772133977
131,0.08617757108644582
132,0.08615795159828848
133,0.09011640612850896
134,0.09010206490231212
135,0.09008061833737883
136,0.09005917563743424
137,0.09003773613192606
138,0.09001630299200769
139,0.09396161599841435
140,0.09394530318852048
141,0.0939219603134552
142,0.09389862043026369
143,0.09387528237944935
144,0.09385195240553003
145,0.09778355806891341
146,0.09776517433521803
147,0.09773984692350496
148,0.09771452852641233
149,0.0976892166561447
150,0.09766391246230341
151,0.10158129335846752
152,0.10156077526276931
153,0.10153339431155473
154,0.1015060191671364
155,0.10147865265083965
156,0.10145129315962549
157,0.10535392964200582
158,0.10533124008274171
159,0.10530177499807905
160,0.10527232113468926
161,0.10524287453561555
162,0.10521343254775274
163,0.10910082438203972
164,0.10907587490917649
165,0.10904424558975734
166,0.10901262664236128
167,0.10898101370665245
168,0.10894940804922953
169,0.11282104531303049
170,0.11279374461795669
171,0.11275985576037784
172,0.11272597263276112
173,0.11269209759484511
174,0.11265823483408895
175,0.11651358419912868
176,0.11648388811852783
177,0.11644770293845795
178,0.11641152963391505
179,0.11637536726717372
180,0.11633921328641009
181,0.12017782077251468
182,0.12014562104362994
183,0.12010703011357692
184,0.12006844784016721
185,0.12002987635845784
186,0.11999131206073799
187,0.1238126215088414
188,0.1237778722483199
189,0.1237368365918519
190,0.12369581167469733
191,0.12365479407657404
192,0.12361378829111346
193,0.12741735866002274
194,0.12738002007245086
195,0.1273365016723983
196,0.12729300180391875
197,0.1272495140938554
198,0.12720604052359705
199,0.13099141375743784
200,0.13095135937735905
201,0.13090523375547491
202,0.13085913132468704
203,0.13081304589868523
204,0.13076698748220225
205,0.13453365306719206
206,0.13449085681291761
207,0.13444209404406138
208,0.1343933549808571
209,0.13434463641315234
210,0.13429593902197667
211,0.1380434678104939
212,0.13799791642348283
213,0.13794651615608017
214,0.1378951392613817
215,0.1378437725949334
216,0.1377924304304179
217,0.14152037672407458
218,0.14147195424651726
219,0.1414177976787323
220,0.141363672419684
221,0.14130955795932096
222,0.14125546356663107
223,0.14496338025899605
224,0.1449120946257608
225,0.1448551991872955
226,0.14479831289907452
227,0.14474145245039835
228,0.14468460988078732
229,0.1483720944612287
230,0.14831780661304947
231,0.14825801973929628
232,0.148198257201002
233,0.1481385140423663
234,0.14807878988969606
235,0.15174533877288923
236,0.1516879886132665
237,0.15162526367639656
238,0.15156256027694326
239,0.15149987605575008
240,0.15143721750413533
1,0.948058786438487
2,0.1741924544944777
3,0.17393827340973075
4,0.17368435446347574
5,0.17343069355207263
6,0.1731773134044488
7,0.1732621175434906
8,0.17301582354091807
9,0.17276146534160944
10,0.17250736888498067
11,0.1722535222879378
12,0.17199995911039878
13,0.17207477326781373
14,0.1718282390369859
15,0.17157387949235273
16,0.17131979322133703
17,0.1710659679515811
18,0.1708124275537557
19,0.17087751126709919
20,0.17063067436029086
21,0.17037627257166604
22,0.17012213555506606
23,0.16986822440623656
24,0.1696146219966613
25,0.16967014999347158
26,0.1694230697392777
27,0.1691686586489959
28,0.16891453971067677
29,0.16866064396715955
30,0.16840702842775498
31,0.16845319523112268
32,0.16820593345306406
33,0.16795154346236812
34,0.1676974338306536
35,0.16744358324802305
36,0.16718999111501034
37,0.16722695338539778
38,0.16697948659013492
39,0.16672514161502477
40,0.1664710813842248
41,0.16621726007550022
42,0.16596370246377773
43,0.16599169527122284
44,0.16574409006221685
45,0.1654898139508441
46,0.16523581391666084
47,0.16498207471100612
48,0.16472859750327187
49,0.16474780093936714
50,0.1645000483316835
51,0.16424584018124733
52,0.16399193021061365
53,0.16373827017727308
54,0.1634848526743008
55,0.16349540826719022
56,0.16324754221714102
57,0.16299346189713104
58,0.16273961828672326
59,0.1624860548513243
60,0.16223276052973234
61,0.16223487546958495
62,0.16198696852574357
63,0.16173306752491043
64,0.16147939838294406
65,0.16122599837806775
66,0.160972901963396
67,0.16096691087965154
68,0.16071902171854163
69,0.16046534144610633
70,0.16021195505309152
71,0.15995880526432302
72,0.15970590143318986
73,0.15969181898297394
74,0.15944389678232254
75,0.15919039317144779
76,0.15893716503167524
77,0.15868418777157786
78,0.15843146874191005
79,0.15840955502222642
80,0.15816167886514448
81,0.15790842939633876
82,0.15765542287990683
83,0.1574026722247072
84,0.15715020508097952
85,0.1571206203506881
86,0.15687279514299007
87,0.1566198234690819
88,0.1563671116887417
89,0.15611466748450767
90,0.1558625072761788
91,0.15582549041690072
92,0.15557772233187278
93,0.15532499395878405
94,0.15507253226576723
95,0.15482032471016283
96,0.15456837251258548
97,0.15452395916596287
98,0.15427619493166275
99,0.1540236603670928
100,0.15377138310897862
101,0.1535193479055306
102,0.15326758071765653
103,0.15321608777456278
104,0.15296856626213412
105,0.15271646918467013
106,0.1524646187678445
107,0.15221303968908614
108,0.1519617130632105
109,0.1519032971576962
110,0.15165587907555164
111,0.1514041043963516
112,0.15115259773374418
113,0.15090131975375698
114,0.15065029005578254
115,0.15058507056979578
116,0.15033779308199882
117,0.1500863135055988
118,0.149835131753498
119,0.14958421234914568
120,0.14933353336557048
121,0.14926173172600102
122,0.14901469444535906
123,0.1487636545370333
124,0.14851283904688897
125,0.14826228299963987
126,0.14801199517096392
127,0.1479337514625513
128,0.14768688696494792
129,0.14743619094457244
130,0.14718574667320353
131,0.1469355688377982
132,0.14668565092229982
133,0.14660112153098454
134,0.14635446005995617
135,0.14610419585776982
136,0.14585417764552402
137,0.145604374561226
138,0.14535485780099408
139,0.1452642585540889
140,0.14501789097732398
141,0.14476807956583798
142,0.14451852641650476
143,0.144269221132854
144,0.14402017734246328
145,0.14392375946452377
146,0.14367775290680584
147,0.14342846508487128
148,0.1431794229208026
149,0.14293064467143268
150,0.1426821033586748
151,0.1425798885599943
152,0.14233413444424514
153,0.14208532132091933
154,0.14183672984770965
155,0.14158836915448775
156,0.14134030188783073
157,0.14123252832971048
158,0.14098705152631738
159,0.14073866162041668
160,0.14049053862399888
161,0.1402426801889669
162,0.13999503438652028
163,0.1398818164464319
164,0.1396367573918542
165,0.13938895017199684
166,0.1391413884254871
167,0.1388940737961093
168,0.13864700332283975
169,0.13852853635442444
170,0.13828382570762188
171,0.13803655549825636
172,0.1377895212295698
173,0.13754271111218258
174,0.1372961714869598
175,0.13717273782298434
176,0.13692846902587916
177,0.13668178598803934
178,0.13643536608142312
179,0.13618917921965476
180,0.1359432136209216
181,0.1358147970237769
182,0.1355709099624073
183,0.13532475531916133
184,0.13507884361373726
185,0.13483317867678124
186,0.1345877625932917
187,0.1344545594934607
188,0.13421107847825625
189,0.13396549740456976
190,0.1337201564613497
191,0.13347505879122765
192,0.1332302310987143
193,0.1330924574669916
194,0.13284936209383885
195,0.13260432870185468
196,0.13235956998716575
197,0.13211506099905818
198,0.1318707955669379
199,0.1317284919321537
200,0.13148586940020324
201,0.13124145788664465
202,0.1309972886129981
203,0.13075337759044486
204,0.13050968775642105
205,0.13036312100593933
206,0.1301210484362673
207,0.1298773561255075
208,0.12963386909628752
209,0.1293906360559049
210,0.12914762993023032
211,0.12899692144506844
212,0.12875532104226295
213,0.12851222496537956
214,0.1282693956460571
215,0.12802679178566906
216,0.12778440806956495
217,0.12762966999376657
218,0.12738853840448428
219,0.12714607651898405
220,0.1269038264370465
221,0.12666178352490534
222,0.12641999418105115
223,0.126261409060171
224,0.12602082447934662
225,0.12577901140481118
226,0.1255374390824727
227,0.12529610747500555
228,0.1250550102320267
229,0.1248926829706761
230,0.12465257933537942
231,0.12441140846494818
232,0.12417046524293256
233,0.12392979011958233
234,0.12368934343045111
235,0.12352344985527453
236,0.12328395696473309
237,0.12304357950750272
238,0.1228034218470566
239,0.12256346109381411
240,0.12232372745929751
