1,0.6527153812348843
2,0.594027524171397
3,0.5659117988869548
4,0.5421885223314166
5,0.5220579793304205
6,0.5050087453611195
1,1.0903972313553094
2,0.9375151177495717
3,0.8638513554632664
4,0.8041946566849947
5,0.7570223954319953
6,0.7202070781588554
1,0.6605408059060573
2,0.5499025373905897
3,0.5312081599980593
4,0.5128825576975942
5,0.4957669494301081
6,0.47975897781550886
1,0.7363767098635435
2,0.6892547531425953
3,0.6525908155739307
4,0.6209453088790178
5,0.5941458678990602
6,0.5712892482057214
7,0.5515770231559872
8,0.5343409993499517
9,0.5190569056943058
10,0.5053102494031191
11,0.49277913151308894
12,0.4812155888974667
13,0.4723194599337876
14,0.46838488496840003
15,0.46513239355757835
16,0.4622993590310216
17,0.4598144086264074
18,0.45762086007744074
19,0.45567742789164184
20,0.45393929481506345
21,0.4523807247169316
22,0.45097725162282587
23,0.44970861995592715
24,0.4485579418204725
25,0.4475151166878641
26,0.44655993780121206
27,0.4456862436793745
28,0.4448852518759668
29,0.4441493600234389
30,0.4434719816967845
31,0.4428514524549246
32,0.44227454157546164
33,0.44174087485298513
34,0.4412465155124664
35,0.44078796334564685
36,0.4403620912414044
37,0.4399702119920403
38,0.43960161780938506
39,0.4392581318691373
40,0.43893772922456264
41,0.4386385659966618
42,0.4383589723985642
43,0.4381015169434249
44,0.437856653816998
45,0.4376271936576813
46,0.43741200687363746
47,0.4372100364137441
48,0.43702031546272335
49,0.4368460554629564
50,0.43667829141020775
51,0.43652034087106584
52,0.43637152638286353
53,0.4362312309537083
54,0.4360988654755056
55,0.43597797824069856
56,0.4358599251136184
57,0.4357483103964478
58,0.43564271906390784
59,0.43554276395589114
60,0.4354480836726725
61,0.43536241062916814
62,0.43527730245143176
63,0.43519652030430733
64,0.4351198081672192
65,0.435046913404949
66,0.4349776029400527
67,0.4349157369835302
68,0.4348529706988484
69,0.434793182592839
70,0.4347361994162202
71,0.4346818532887846
72,0.43462999830022453
73,0.4345845521567389
74,0.43453725716099145
75,0.43449204983655365
76,0.43444880976807326
77,0.4344074238697067
78,0.43436780288815496
79,0.4343339086323976
80,0.4342975256917998
81,0.4342626177286729
82,0.4342291208449751
83,0.43419695761054755
84,0.4341660564718768
85,0.4341403954522684
86,0.43411182636860757
87,0.43408432594500485
88,0.4340578441973776
89,0.43403232756536453
90,0.4340077276295051
91,0.43398805147968234
92,0.43396515810862185
93,0.43394304770976305
94,0.43392168629914524
95,0.4339010297646746
96,0.4338810586836189
97,0.43386576059740034
98,0.4338470509089529
99,0.43382890832144766
100,0.4338113276846707
101,0.433794284556061
102,0.43377773319371044
103,0.43376568963751194
104,0.4337500895839185
105,0.4337349162390456
106,0.43372015678789466
107,0.43370579834561795
108,0.4336918121436611
109,0.4336822107760236
110,0.43366893890313807
111,0.4336559916753322
112,0.4336433577770367
113,0.43363102699629963
114,0.4336189799709246
115,0.43361122944392266
116,0.4335997253889218
117,0.4335884614242241
118,0.4335774422483519
119,0.4335666549345478
120,0.4335560773080215
121,0.4335497109638527
122,0.4335395527584478
123,0.43352958004456016
124,0.43351978713646533
125,0.43351017277687787
126,0.4335007297992706
127,0.4334954289114103
128,0.4334863047348335
129,0.4334773149061948
130,0.4334684702707455
131,0.43345976174343376
132,0.43345117853954435
133,0.4334466991061345
134,0.4334383707307279
135,0.43343014213256537
136,0.4334220255818218
137,0.4334140150528401
138,0.4334060989273712
139,0.4334022421948612
140,0.4333945194911212
141,0.4333868819428608
142,0.43337932566180826
143,0.4333718526130542
144,0.4333644553693011
145,0.43336109110619875
146,0.433353840559721
147,0.43334665476344525
148,0.43333953742403536
149,0.43333247873466463
150,0.43332548268605026
151,0.4333224953664467
152,0.43331561766564847
153,0.43330878500361
154,0.4333020031824708
155,0.4332952690310776
156,0.4332885878812522
157,0.4332858743192628
158,0.4332792800758034
159,0.43327272321097554
160,0.4332662069844082
161,0.43325972551945596
162,0.4332532819127664
163,0.4332507877564058
164,0.433244418669492
165,0.4332380757899955
166,0.43323176342528313
167,0.43322547860909255
168,0.4332192205637693
169,0.43321689733769747
170,0.43321069433819503
171,0.4332045152457431
172,0.4331983661977574
173,0.43319223518949
174,0.43318612792529165
175,0.43318392290268093
176,0.43317786273546516
177,0.43317181564169005
178,0.43316578273894263
179,0.4331597730657086
180,0.4331537791388109
181,0.4331516762753017
182,0.4331457166932523
183,0.43313976970268414
184,0.4331338352174498
185,0.4331279178033583
186,0.4331220154906623
187,0.4331199791887775
188,0.43311410075519235
189,0.43310823424719275
190,0.43310237788595257
191,0.43309653089381756
192,0.4330906934803352
193,0.4330887187551707
194,0.43308290946530176
195,0.4330770997796208
196,0.43307130079949274
197,0.4330655147996731
198,0.4330597316287458
199,0.4330577881191857
200,0.43305202458286657
201,0.43304626721190287
202,0.4330405129492283
203,0.43303477322449907
204,0.4330290341400541
205,0.43302711197407917
206,0.4330213903542608
207,0.43301567009883
208,0.4330099566048011
209,0.4330042464379221
210,0.4329985440848395
211,0.43299664635676893
212,0.4329909525625408
213,0.4329852626705542
214,0.4329795741871931
215,0.4329738967237063
216,0.4329682257492095
217,0.4329663294041529
218,0.4329606657079421
219,0.43295500012580307
220,0.432949338699691
221,0.43294367846800014
222,0.4329380276845768
223,0.43293613713700324
224,0.4329304966237396
225,0.4329248491092585
226,0.4329192124819383
227,0.4329135699453764
228,0.4329079398582689
229,0.43290605873567983
230,0.43290043386863547
231,0.43289480603300035
232,0.4328891836502589
233,0.4328835598495789
234,0.4328779442189261
235,0.4328760555339977
236,0.43287044410128145
237,0.432864829946775
238,0.4328592195082456
239,0.43285361626418306
240,0.4328480111784302
1,0.5536226427555084
2,0.5158542278781533
3,0.4971647898852825
4,0.4814189152792096
5,0.4679606641083956
6,0.45636259015649555
7,0.4462911528162658
8,0.43748449651524424
9,0.4297377301193774
10,0.4228878497704864
11,0.41680369440466164
12,0.4113782211393118
13,0.4065233440883458
14,0.4021645409241319
15,0.39823983946815134
16,0.3946963587217033
17,0.3914888283889741
18,0.3885783903673291
19,0.3859317591693252
20,0.3835192249622196
21,0.38131574662402273
22,0.3792992181889713
23,0.37745029813610015
24,0.37575197415426376
25,0.3741895864252001
26,0.37274930593557654
27,0.37141972879879176
28,0.37019049140624705
29,0.3690523473545909
30,0.3679970820667222
31,0.36701764198951425
32,0.3661068571126089
33,0.36525910868309436
34,0.3644691008795053
35,0.3637320672068745
36,0.3630436912504956
37,0.3624003774439916
38,0.36179802802857014
39,0.36123372164554896
40,0.3607045775698498
41,0.36020794675685464
42,0.3597414210811257
43,0.3593031011102721
44,0.35889042986556885
45,0.3585018271114677
46,0.35813563695177436
47,0.35779031212441625
48,0.35746443601325156
49,0.35715698333689944
50,0.3568662177072838
51,0.35659129506209863
52,0.35633118941448627
53,0.35608497260604055
54,0.3558517749118619
55,0.35563104031840337
56,0.35542151020839813
57,0.3552227267902344
58,0.3550340686039999
59,0.3548549292422831
60,0.35468474184628573
61,0.35452324949670583
62,0.35436946562724186
63,0.35422316889511424
64,0.3540839605219662
65,0.35395143245114014
66,0.3538252147543244
67,0.353705213770736
68,0.3535906141786836
69,0.3534813543059863
70,0.35337714114924895
71,0.35327772130258384
72,0.3531828382331878
73,0.3530924922903068
74,0.3530059912870638
75,0.35292334960540755
76,0.35284437896916643
77,0.35276889559812846
78,0.3526967282197438
79,0.35262793687405064
80,0.35256190759129824
81,0.35249871484469625
82,0.3524382261419669
83,0.3523803142597899
84,0.3523248504265212
85,0.35227193700149656
86,0.35222102713305503
87,0.35217223649844526
88,0.3521254490921274
89,0.35208058878779414
90,0.35203755578957496
91,0.3519964945956599
92,0.3519568773743231
93,0.3519188548065722
94,0.35188234443077815
95,0.3518472809251398
96,0.35181360436254183
97,0.3517814506858122
98,0.3517503602046054
99,0.3517204697197303
100,0.351691720233066
101,0.3516640822216868
102,0.35163749545579776
103,0.351612111373106
104,0.3515874983323738
105,0.3515637994138524
106,0.3515409808070399
107,0.3515190023498144
108,0.3514978363201953
109,0.3514776254282333
110,0.35145796885481106
111,0.35143901376752185
112,0.3514207417052239
113,0.3514031192788389
114,0.35138611260335895
115,0.3513698855706025
116,0.3513540440471843
117,0.35133875235565937
118,0.3513239833584521
119,0.35130971423117446
120,0.3512959240784403
121,0.35128278001910074
122,0.3512698963750154
123,0.35125743730575776
124,0.35124538306845354
125,0.3512337235943414
126,0.35122242819168603
127,0.3512116753251757
128,0.35120109020965173
129,0.3511908310779836
130,0.35118089156108906
131,0.351171257951064
132,0.35116192122804935
133,0.35115302563994194
134,0.35114423277555035
135,0.3511357014370151
136,0.35112741087330507
137,0.3511193624371663
138,0.3511115438933484
139,0.3511041005491279
140,0.3510967139597051
141,0.35108952183276415
142,0.35108252844773236
143,0.35107572193606756
144,0.35106910075526687
145,0.3510627907025628
146,0.3510565000353381
147,0.3510503704333678
148,0.35104438837501223
149,0.3510385586286429
150,0.3510328651801683
151,0.3510274561191909
152,0.3510220338637009
153,0.3510167304147035
154,0.3510115470865276
155,0.35100648385472594
156,0.35100152777857146
157,0.3509968215157278
158,0.35099207921070047
159,0.35098742540576494
160,0.3509828746516723
161,0.35097841134527696
162,0.3509740333817899
163,0.35096987582975997
164,0.35096567235072146
165,0.3509615351713728
166,0.3509574754931964
167,0.3509534856164828
168,0.35094956590328363
169,0.3509458427759819
170,0.35094205258763395
171,0.35093832604005004
172,0.35093465306563304
173,0.35093104443047196
174,0.35092748249764555
175,0.3509240978094749
176,0.35092064484022556
177,0.35091723387129603
178,0.3509138728713151
179,0.35091055757482537
180,0.3509072743472643
181,0.35090416575665584
182,0.35090096334577536
183,0.3508978058688808
184,0.35089468299411236
185,0.35089159876806664
186,0.35088854377274403
187,0.350885640574852
188,0.35088264803867786
189,0.35087968507432377
190,0.3508767510089092
191,0.350873850453645
192,0.3508709712838754
193,0.3508682291628793
194,0.3508654035092331
195,0.3508625946613029
196,0.35085981325712057
197,0.3508570529462304
198,0.3508543140057009
199,0.3508516956411768
200,0.35084899654611945
201,0.35084631381207143
202,0.35084364663460293
203,0.3508409997099079
204,0.3508383687539026
205,0.35083584258682093
206,0.35083324517589065
207,0.35083065735409036
208,0.35082808130886406
209,0.350825526479166
210,0.35082297420944086
211,0.3508205355796963
212,0.35081801176420413
213,0.3508154933725018
214,0.35081299596931786
215,0.3508104969887063
216,0.35080802167300135
217,0.3508056357933674
218,0.350803176460322
219,0.35080071977572513
220,0.35079827973735517
221,0.35079583717277274
222,0.35079340736498127
223,0.35079106463468634
224,0.35078864653245545
225,0.3507862354000099
226,0.3507838403841015
227,0.35078144346713086
228,0.35077905368758366
229,0.3507767479890026
230,0.3507743693771772
231,0.35077199584920893
232,0.3507696250861045
233,0.3507672610972077
234,0.3507649058732204
235,0.35076262180460616
236,0.35076026838156393
237,0.3507579322636593
238,0.35075558845768684
239,0.3507532491686288
240,0.3507509142823983
