1,0.6484200882591832
2,0.5938853865146883
3,0.5658667610418023
4,0.5421435263131058
5,0.5220130249659234
6,0.5049638410132112
1,1.0701604118443901
2,0.9194998628893472
3,0.8482694836482869
4,0.79104530645664
5,0.746305575286089
6,0.7119227938059738
1,0.6012911005010397
2,0.49710470972609405
3,0.4854935129469458
4,0.47425095359177866
5,0.46421782974893416
6,0.4552903917822505
1,0.6620392189924502
2,0.6205426447403939
3,0.590286548263122
4,0.5650465708387874
5,0.5446504788400038
6,0.5281955027008569
7,0.5148808784647931
8,0.5040462943535075
9,0.4951636575830659
10,0.4878184632359293
11,0.48168881201888397
12,0.4765259161314568
13,0.4721376035972887
14,0.4683750727081095
15,0.4651225786430821
16,0.4622895461632575
17,0.4598045969476889
18,0.4576110473944634
19,0.4556635182519577
20,0.4539253778520701
21,0.4523668079825775
22,0.45096333450833825
23,0.4496947053834731
24,0.44854402907760765
25,0.4474971089718446
26,0.4465419259012469
27,0.4456682332556607
28,0.44486723805880213
29,0.44413134808927796
30,0.4434539700208828
31,0.44282934720657574
32,0.4422524284484254
33,0.4417187611301415
34,0.4412244036185377
35,0.4407658529960197
36,0.4403399850635779
37,0.439944004223074
38,0.43957540136066753
39,0.4392319182484041
40,0.438911517286831
41,0.4386123556493356
42,0.43833276307475066
43,0.43807122270062576
44,0.43782635444464574
45,0.4375969005328383
46,0.43738171284580013
47,0.43717974181223623
48,0.4369900266257598
49,0.4368116865985761
50,0.4366439134962263
51,0.43648596472248435
52,0.43633715724388905
53,0.4361968621601786
54,0.43606449984076184
55,0.4359395355588845
56,0.43582147556476386
57,0.43570986354701147
58,0.435604277438449
59,0.43550432652816895
60,0.43540964884653977
61,0.4353199087940288
62,0.43523479498826534
63,0.4351540183068168
64,0.4350773101058001
65,0.4350044205967206
66,0.43493511736593177
67,0.4348691840228171
68,0.43480641896432565
69,0.43474663424480875
70,0.4346896545412743
71,0.43463531620519796
72,0.43458346639294737
73,0.43453396226766855
74,0.4344866702662044
75,0.4344414654252498
76,0.43439823076150796
77,0.4343568567011234
78,0.4343172405541133
79,0.4342792860299243
80,0.4342429027906099
81,0.434208006038436
82,0.43417451613502783
83,0.4341423582494284
84,0.43411146203267137
85,0.4340817613167038
86,0.4340531938356565
87,0.4340257009676675
88,0.4339992274956024
89,0.43397372138515905
90,0.43394913357898746
91,0.43392541780555816
92,0.43390253040162763
93,0.43388043014724753
94,0.4338590781123466
95,0.4338384375140013
96,0.43381847358358105
97,0.4337991534430213
98,0.43378044598953835
99,0.43376232178815627
100,0.43374475297146775
101,0.43372771314609215
102,0.4337111773053476
103,0.4336951217476775
104,0.4336795240004191
105,0.4336643627485319
106,0.4336496177679289
107,0.43363526986308626
108,0.43362130080862743
109,0.4336076932946103
110,0.4335944308752479
111,0.4335814979208369
112,0.43356887957266765
113,0.43355656170071055
114,0.43354453086389705
115,0.43353277427281073
116,0.43352127975463745
117,0.43351003572021474
118,0.4334990311330485
119,0.4334882554801615
120,0.43347769874466124
121,0.43346735137990533
122,0.43345720428517354
123,0.4334472487827373
124,0.4334374765962494
125,0.4334278798303582
126,0.4334184509514796
127,0.43340918276964774
128,0.433400068421382
129,0.4333911013535009
130,0.4333822753078323
131,0.43337358430675865
132,0.4333650226395524
133,0.433356584849447
134,0.4333482657214073
135,0.43334006027054983
136,0.43333196373118027
137,0.4333239715464098
138,0.43331607935831395
139,0.43330828299860713
140,0.433300578479799
141,0.4332929619868065
142,0.4332854298689967
143,0.43327797863263234
144,0.43327060493370306
145,0.4332633055711128
146,0.43325607748021283
147,0.4332489177266525
148,0.43324182350053564
149,0.433234792110865
150,0.43322782098025675
151,0.4332209076399126
152,0.4332140497248353
153,0.43320724496927326
154,0.4332004912023851
155,0.43319378634410655
156,0.433187128401218
157,0.43318051546359115
158,0.43317394570061785
159,0.4331674173578002
160,0.4331609287534996
161,0.433154478275838
162,0.4331480643797405
163,0.4331416855841085
164,0.4331353404691296
165,0.4331290276737003
166,0.4331227458929716
167,0.433116493876
168,0.43311027042350625
169,0.43310407438573056
170,0.43309790466038506
171,0.43309176019069495
172,0.4330856399635256
173,0.43307954300759227
174,0.43307346839174554
175,0.43306741522333264
176,0.43306138264662886
177,0.43305536984133547
178,0.4330493760211426
179,0.43304340043235245
180,0.4330374423525627
181,0.43303150108940225
182,0.4330255759793238
183,0.4330196663864435
184,0.43301377170143185
185,0.43300789134045004
186,0.43300202474412847
187,0.43299617137659024
188,0.4329903307245133
189,0.432984502296231
190,0.4329786856208711
191,0.43297288024752595
192,0.43296708574446385
193,0.43296130169836194
194,0.4329555277135803
195,0.4329497634114584
196,0.4329440084296445
197,0.4329382624214474
198,0.43293252505521734
199,0.432926796013752
200,0.4329210749937226
201,0.4329153617051274
202,0.4329096558707631
203,0.43290395722571795
204,0.43289826551688804
205,0.43289258050250673
206,0.43288690195169843
207,0.43288122964404735
208,0.43287556336918037
209,0.4328699029263716
210,0.43286424812415913
211,0.43285859877997646
212,0.4328529547197998
213,0.4328473157778081
214,0.43284168179605553
215,0.4328360526241598
216,0.4328304281189979
217,0.4328248081444166
218,0.4328191925709545
219,0.43281358127557246
220,0.4328079741413957
221,0.4328023710574678
222,0.4327967719185077
223,0.4327911766246862
224,0.43278558508139947
225,0.4327799971990619
226,0.4327744128928979
227,0.4327688320827493
228,0.43276325469288357
229,0.43275768065181375
230,0.43275210989212376
231,0.43274654235030086
232,0.43274097796657257
233,0.4327354166847526
234,0.43272985845209133
235,0.43272430321913097
236,0.4327187509395685
237,0.4327132015701226
238,0.4327076550704044
239,0.43270211140279613
240,0.4326965705323312
1,0.5526745817129428
2,0.5156800283148844
3,0.496990855372106
4,0.48124522864182223
5,0.4677872342655773
6,0.4561894173786537
7,0.4461178900682181
8,0.43731148511665346
9,0.4295649685895067
10,0.42271534626776713
11,0.4166314387876953
12,0.4112062216011099
13,0.40635126799137716
14,0.40199271001202413
15,0.3980682686990204
16,0.39452503251828724
17,0.3913177623963041
18,0.38840757275192705
19,0.385760886460457
20,0.38334859396837556
21,0.38114536803497534
22,0.3791290995850185
23,0.37728042948770224
24,0.37558235741283075
25,0.3740199133259852
26,0.3725798803427952
27,0.37125055998833106
28,0.3700215726650577
29,0.36888368748990724
30,0.3678286767274364
31,0.3668491908953408
32,0.36593865130181813
33,0.3650911573280552
34,0.3643014062205402
35,0.36356462352754354
36,0.3628765026179145
37,0.36223315197080275
38,0.3616310491320731
39,0.36106700040493045
40,0.3605381054851284
41,0.3600417263702478
42,0.3595754599721293
43,0.3591371139450769
44,0.3587246853126726
45,0.35833634153525773
46,0.35797040371022576
47,0.35762533163969557
48,0.3572997105362429
49,0.35699223916810446
50,0.356701719271547
51,0.3564270460805989
52,0.35616719984364936
53,0.3559212382130392
54,0.3556882894080999
55,0.3554675460644582
56,0.35525825969315755
57,0.35505973568241933
58,0.3548713287829499
59,0.35469243902472264
60,0.3545225080192834
61,0.3543610156069824
62,0.3542074768132022
63,0.35406143908175447
64,0.35392247975720503
65,0.35379020379104154
66,0.35366424164937266
67,0.3535442474022886
68,0.3534298969771681
69,0.3533208865601177
70,0.35321693113140745
71,0.35311776312225773
72,0.3530231311816477
73,0.35293279904298275
74,0.3528465444815004
75,0.3527641583542131
76,0.3526854437150089
77,0.35261021499826184
78,0.35253829726496116
79,0.3524695255059407
80,0.35240374399732377
81,0.35234080570375675
82,0.352280571725421
83,0.35222291078519513
84,0.35216769875266674
85,0.3521148182020024
86,0.3520641580009491
87,0.3520156129284909
88,0.35196908331890164
89,0.3519244747301384
90,0.3518816976346843
91,0.35184066713114015
92,0.35180130267497917
93,0.3517635278270361
94,0.35172727001841
95,0.35169246033057455
96,0.35165903328958714
97,0.3516269266733784
98,0.3515960813311866
99,0.35156644101427575
100,0.3515379522171471
101,0.35151056402850905
102,0.35148422799133555
103,0.3514588979713895
104,0.3514345300336377
105,0.35141108232602664
106,0.3513885149701258
107,0.3513667899581888
108,0.35134587105620774
109,0.35132572371257015
110,0.3513063149719601
111,0.3512876133941656
112,0.3512695889774787
113,0.35125221308640275
114,0.3512354583833929
115,0.35121929876438224
116,0.351203709297857
117,0.3511886661672694
118,0.35117414661657587
119,0.351160128898721
120,0.3511465922268862
121,0.3511335167283385
122,0.35112088340072506
123,0.35110867407067553
124,0.35109687135456746
125,0.3510854586213385
126,0.35107441995722455
127,0.35106374013231073
128,0.3510534045687953
129,0.3510433993108711
130,0.35103371099612884
131,0.3510243268284017
132,0.3510152345519684
133,0.35100642242704205
134,0.35099787920647346
135,0.35098959411360175
136,0.3509815568211919
137,0.3509737574313976
138,0.3509661864567006
139,0.35095883480176565
140,0.35095169374617236
141,0.3509447549279681
142,0.3509380103280072
143,0.35093145225503164
144,0.35092507333145273
145,0.3509188664798017
146,0.3509128249098141
147,0.3509069421061134
148,0.35090121181646405
149,0.35089562804056873
150,0.3508901850193763
151,0.3508848772248814
152,0.3508796993503848
153,0.35087464630119847
154,0.3508697131857675
155,0.35086489530719156
156,0.35086018815512593
157,0.3508555873980427
158,0.3508510888758379
159,0.35084668859276197
160,0.35084238271066326
161,0.3508381675425298
162,0.35083403954630926
163,0.3508299953190018
164,0.35082603159100745
165,0.35082214522071725
166,0.3508183331893396
167,0.3508145925959451
168,0.3508109206527278
169,0.35080731468046417
170,0.3508037721041673
171,0.3508002904489249
172,0.3507968673359116
173,0.35079350047857083
174,0.3507901876789554
175,0.35078692682422025
176,0.35078371588326346
177,0.3507805529035056
178,0.3507774360078015
179,0.35077436339148044
180,0.3507713333195084
181,0.350768344123766
182,0.3507653942004378
183,0.3507624820075086
184,0.3507596060623609
185,0.35075676493947033
186,0.3507539572681945
187,0.35075118173064984
188,0.3507484370596751
189,0.3507457220368762
190,0.35074303549074903
191,0.35074037629487753
192,0.35073774336620267
193,0.3507351356633622
194,0.3507325521850945
195,0.3507299919687042
196,0.35072745408859285
197,0.3507249376548421
198,0.35072244181185674
199,0.35071996573705805
200,0.35071750863962997
201,0.350715069759313
202,0.3507126483652457
203,0.3507102437548509
204,0.3507078552527658
205,0.35070548220981307
206,0.35070312400201
207,0.3507007800296184
208,0.35069844971623015
209,0.35069613250788756
210,0.35069382787223674
211,0.35069153529771496
212,0.35068925429276904
213,0.3506869843850998
214,0.35068472512094223
215,0.3506824760643662
216,0.3506802367966069
217,0.3506780069154219
218,0.3506757860344679
219,0.3506735737827076
220,0.35067136980383246
221,0.3506691737557109
222,0.35066698530985774
223,0.3506648041509204
224,0.35066262997618736
225,0.35066046249511357
226,0.3506583014288637
227,0.35065614650987326
228,0.35065399748142634
229,0.35065185409724514
230,0.35064971612110213
231,0.3506475833264397
232,0.35064545549600773
233,0.35064333242151385
234,0.3506412139032853
235,0.35063909974994606
236,0.3506369897781032
237,0.35063488381204627
238,0.3506327816834587
239,0.3506306832311361
240,0.3506285883007201
