1,21.78825874231694
2,0.02590373066950668
3,0.0192695298863892
4,0.041588231678775574
5,0.16480698878832262
6,0.15461083879782211
7,0.17401172038322935
8,0.23587475638587735
9,0.02628698724882242
10,0.02026365101212543
11,0.12939289158836392
12,0.3828939299466123
13,0.2250768506785291
14,0.15102109638795655
15,0.17067497905336634
16,0.23822116607445973
17,-0.01508425460089983
18,0.05045296450081314
19,0.0694701166219574
20,0.04477721366895741
21,0.14494404307088432
22,0.07260828739501825
23,0.08306856284148177
24,0.10548959608578705
25,-0.07058900678164585
26,-0.03192051607665831
27,-0.06492928732757482
28,-0.05464738269133129
29,0.006086932727174969
30,0.1678441270090411
31,0.036796018092311436
32,-0.10605622309891657
33,-0.13088242917489332
34,-0.09676984792675151
35,-0.10605132361602794
36,-0.08020289725056667
37,-0.1567901028926802
38,0.01273186149082764
39,-0.07079981968620386
40,-0.17629103562741102
41,-0.18829893640160447
42,-0.1569386083861078
43,-0.20142737176925857
44,-0.16488370945734254
45,-0.15289178955586363
