1,0.47564532068269005
2,0.3605628679310225
3,0.25942836573411676
4,0.22762115608001576
5,0.20897438497036352
6,0.19214023961560708
7,0.17184039475788787
8,0.15811430984016123
9,0.18686165685597736
10,0.1679156639638189
11,0.160465764773874
12,0.2267328690152287
13,0.1650902377548574
14,0.14427164206959278
15,0.13069853032457418
16,0.12837672007352227
17,0.14083342171377605
18,0.1342480477174009
19,0.13186109005348665
20,0.12727087006058502
21,0.12265603888737059
22,0.12001973300658424
23,0.11240804440188454
24,0.11398815955980984
25,0.12027148629085542
26,0.11761057561698773
27,0.11167995254526993
28,0.11147458112702288
29,0.10708812863291223
30,0.10717436905336562
31,0.1070679337771117
32,0.11116138588765571
33,0.10772560407689476
34,0.1025239852795884
35,0.1030127372435683
36,0.1006236589189005
37,0.09885041343968833
38,0.0964337187209006
39,0.09532836930990447
40,0.10168315161205115
41,0.09792885677068283
42,0.09942556520160359
43,0.09311430232235413
44,0.0918809780208715
45,0.09214940718892548
