1,2.371652630791068
2,0.11489180177770322
3,0.1143075509564369
4,0.11389959824213293
5,0.11349224113946547
6,0.11308543492894386
1,25.593255157470704
2,20.652609844207763
3,15.429680652618408
4,10.211912455558776
5,5.001304738521576
6,0.5557458744876204
1,40.12240447998047
2,31.922209053039552
3,23.27343292236328
4,14.624568119049073
5,5.975729135274887
6,0.15912606194411638
1,37.848790130615235
2,31.6762744140625
3,25.084496669769287
4,18.492725944519044
5,11.900971994400024
6,5.309243748188019
7,0.30874303946795406
8,0.0007826079821097665
9,0.000782432307023555
10,0.0007822566368849948
11,0.0007820809609256685
12,0.0007819053006824106
13,0.001036293691722676
14,0.0010309858893742785
15,0.0010307982424274087
16,0.0010306106545613148
17,0.0010304230204201304
18,0.001030235456128139
19,0.0012845353601733222
20,0.0012792149680899455
21,0.001279014758183621
22,0.0012788145925151184
23,0.001278614382026717
24,0.0012784142297459767
25,0.0015326219581766054
26,0.001527288620127365
27,0.0015270754089578987
28,0.001526862204191275
29,0.0015266490675276145
30,0.0015264358825515956
31,0.0017805482994299382
32,0.0017752014886355028
33,0.0017749748105416075
34,0.0017747481469996274
35,0.0017745215189643203
36,0.0017742948699742557
37,0.0020283088978612796
38,0.0020229483669390903
39,0.0020227079035248607
40,0.002022467585047707
41,0.002022227183333598
42,0.0020219868811545893
43,0.0022758995479671283
44,0.002270524688065052
45,0.0022702699195360763
46,0.0022700152767356485
47,0.002269760618219152
48,0.0022695059224497527
49,0.002523313683923334
50,0.0025179240910802037
51,0.0025176545145222918
52,0.0025173850310966374
53,0.0025171155453426763
54,0.0025168460613349455
55,0.0027705459226854147
56,0.0027651410666294394
57,0.0027648564474657177
58,0.0027645716647384687
59,0.0027642869635019452
60,0.00276400227972772
61,0.003017590835806914
62,0.0030121701007010415
63,0.003011869609472342
64,0.003011569083901122
65,0.0030112686252687128
66,0.003010968139860779
67,0.0032644420518772675
68,0.0032590051513398067
69,0.0032586883794283495
70,0.003258371459087357
71,0.00325805468368344
72,0.0032577378960559145
73,0.003511094121495262
74,0.00350564077263698
75,0.003505307458690368
76,0.0035049742233240976
77,0.003504640890751034
78,0.0035043076367583127
79,0.0037575431226287035
80,0.003752072683419101
81,0.0037517223466420548
82,0.0037513720616698266
83,0.0037510216783266516
84,0.003750671470188536
85,0.004003782637300901
86,0.003998294719494879
87,0.003997926732990891
88,0.003997558861738071
89,0.0039971909899031745
90,0.003996823169873096
91,0.004249806971638463
92,0.0042443009000271556
93,0.004243914831313304
94,0.004243528805673123
95,0.0042431428830605
96,0.004242756802705116
97,0.004495610557496548
98,0.004490085990400985
99,0.004489681619452313
100,0.0044892770174192265
101,0.004488872649963014
102,0.004488468306954018
103,0.00474118810845539
104,0.004735644921311177
105,0.004735221902374178
106,0.004734798755380325
107,0.004734375718981027
108,0.004733952574315481
109,0.004986535485368222
110,0.004980972875491716
111,0.004980530272587202
112,0.004980087653966621
113,0.004979645181447267
114,0.004979202502872795
115,0.005231645809835754
116,0.005226063537411392
117,0.005225601264974102
118,0.005225139075191692
119,0.0052246767771430315
120,0.005224214459885843
121,0.005476514707552269
122,0.005470912116579712
123,0.005470429622801021
124,0.005469947122037411
125,0.005469464687630534
126,0.005468982080928981
127,0.0057211356225889175
128,0.005715512331807986
129,0.005715008925762959
130,0.005714505587820895
131,0.0057140021660598
132,0.005713499020785094
133,0.005965502961189486
134,0.005959858461865224
135,0.0059593337896512825
136,0.0059588092769263315
137,0.005958284749649465
138,0.005957760227029212
139,0.006209611498052254
140,0.006203945754095912
141,0.006203399543883279
142,0.006202853561844677
143,0.006202307551866397
144,0.006201761728152633
145,0.006453456872841343
146,0.006447768773650751
147,0.0064472004538401965
148,0.006446632079896517
149,0.006446063726907596
150,0.00644549542455934
151,0.0066970318846870215
152,0.006691321188118309
153,0.006690730334958062
154,0.006690139513229951
155,0.006689548700815067
156,0.006688958123559133
157,0.006940331881633028
158,0.006934598323423416
159,0.006933984664501622
160,0.006933371264021843
161,0.006932757407194004
162,0.006932143793092109
163,0.007183352365391329
164,0.007177595423418098
165,0.0071769581560511145
166,0.007176321091246791
167,0.0071756839111913
168,0.007175046889460646
169,0.007426086938939988
170,0.007420306064304895
171,0.00741964514949359
172,0.007418984359246678
173,0.0074183234758675096
174,0.007417662564548664
175,0.0076685305521823465
176,0.0076627255562925715
177,0.007662040324066766
178,0.007661355168092996
179,0.007660669996985234
180,0.007659984796773643
181,0.007910677885520271
182,0.00790484840166755
183,0.007904138300218619
184,0.007903428422287107
185,0.007902718711993656
186,0.007902008309029042
187,0.008152523094904609
188,0.008146668102126569
189,0.008145932852639816
190,0.008145197567064315
191,0.008144462268101052
192,0.008143727239803411
193,0.008394061640137807
194,0.008388181052287108
195,0.00838742021471262
196,0.008386658889357933
197,0.008385898082051426
198,0.008385137215373106
199,0.008635286879725755
200,0.00862937989702914
201,0.00862859294982627
202,0.008627805888536386
203,0.008627018253318965
204,0.008626231060479767
205,0.008876193072646857
206,0.008870259914547205
207,0.00886944640893489
208,0.008868632894009352
209,0.00886781906010583
210,0.008867005589418114
211,0.009116777733433992
212,0.009110817105975002
213,0.009109976990148426
214,0.009109136669430883
215,0.0091082958644256
216,0.009107455284101888
217,0.009357033236883581
218,0.009351045445073395
219,0.009350177522283048
220,0.009349309580866248
221,0.0093484414415434
222,0.009347573504783213
223,0.009596955222077668
224,0.009590939504560083
225,0.009590043418575079
226,0.009589147212682291
227,0.009588251053355635
228,0.009587354760151356
229,0.009836535956710577
230,0.009830491959583014
231,0.009829567319247872
232,0.009828643174842
233,0.009827718900050969
234,0.009826794683467597
235,0.010075772234704345
236,0.010069699590094388
237,0.01006874643266201
238,0.01006779348710552
239,0.010066840203944594
240,0.010065886958036572
