1,0.9257282519114542
2,0.8143381611229737
3,0.7787336255298443
4,0.7484077858927818
5,0.7226118362073202
6,0.7007292524735952
1,0.7876523908272474
2,0.749802175138857
3,0.7116606524819177
4,0.6801785817671593
5,0.6545441935246427
6,0.6339225460100297
1,0.5233799924061958
2,0.31272691280194903
3,0.30393459862053573
4,0.2965324319444782
5,0.28953417749287214
6,0.2829734762792935
1,0.7102956328834186
2,0.6181338356090701
3,0.5896142084281413
4,0.5650445362813519
5,0.5435992429024727
6,0.5248732016534028
7,0.5085181630472303
8,0.49423063763885794
9,0.48174730208623406
10,0.4708393965348416
11,0.4613072768912441
12,0.4529758056710555
13,0.44569074248999085
14,0.43931602503524075
15,0.43373172190600967
16,0.4288324242244741
17,0.42452588278240827
18,0.42073176105604637
19,0.4173804376212831
20,0.41441183946181176
21,0.4117743156501813
22,0.4094235715999263
23,0.40732168347009334
24,0.40543620618914744
25,0.4037393811129039
26,0.40220744282246135
27,0.40082001986882737
28,0.39955962141582596
29,0.3984112003832286
30,0.3973617834145262
31,0.3964001583969318
32,0.39551661104307795
33,0.3947027029943342
34,0.39395108489041564
35,0.3932553387904425
36,0.3926098451863329
37,0.3920096706039752
38,0.3914504724390793
39,0.3909284182289309
40,0.3904401170282075
41,0.3899825609476423
42,0.38955307523956134
43,0.38914927558438145
44,0.388769031455952
45,0.38841043462900626
46,0.38807177204551885
47,0.38775150238398354
48,0.38744823578116405
49,0.3871607162435071
50,0.38688780635832204
51,0.3866284739755554
52,0.38638178058170375
53,0.38614687112979545
54,0.38592296512490765
55,0.38570934879450464
56,0.3855053681979809
57,0.3853104231509501
58,0.385123961857675
59,0.384945476160177
60,0.3847744973253664
61,0.38461059230245387
62,0.38445336039216726
63,0.3843024302772197
64,0.384157457370236
65,0.38401812144114167
66,0.3838841244909773
67,0.38375518884337995
68,0.38363105542864157
69,0.3835114822384273
70,0.3833962429319723
71,0.38328512557694394
72,0.38317793151021035
73,0.38307447430553637
74,0.38297457883678104
75,0.38287808042651583
76,0.3827848240711589
77,0.38269466373475486
78,0.38260746170442045
79,0.3825230880012698
80,0.3824414198413217
81,0.3823623411414981
82,0.3822857420663559
83,0.38221151861167124
84,0.38213957222139805
85,0.3820698094349032
86,0.3820021415616921
87,0.3819364843811392
88,0.3818727578649739
89,0.3818108859205238
90,0.3817507961528893
91,0.38169241964442846
92,0.3816356907500733
93,0.38158054690714616
94,0.38152692845847874
95,0.3814747784877335
96,0.3814240426659507
97,0.38137466910841333
98,0.3813266082410234
99,0.3812798126754402
100,0.3812342370923144
101,0.3811898381319909
102,0.38114657429212856
103,0.3811044058317168
104,0.38106329468102096
105,0.3810232043570273
106,0.38098409988399423
107,0.38094594771874063
108,0.3809087156803514
109,0.3808723728839831
110,0.38083688967849477
111,0.38080223758764403
112,0.38076838925460893
113,0.38073531838961444
114,0.3807029997204623
115,0.3806714089457737
116,0.38064052269077453
117,0.3806103184654542
118,0.3805807746249586
119,0.38055187033207166
120,0.38052358552165816
121,0.3804959008669493
122,0.3804687977475601
123,0.38044225821913363
124,0.38041626498451664
125,0.38039080136637565
126,0.3803658512811734
127,0.38034139921442106
128,0.38031743019714176
129,0.3802939297834667
130,0.380270884029311
131,0.3802482794720602
132,0.38022610311121957
133,0.3802043423899667
134,0.38018298517756277
135,0.3801620197525758
136,0.38014143478687196
137,0.38012121933033227
138,0.380101362796263
139,0.3800818549474544
140,0.38006268588286396
141,0.38004384602488533
142,0.38002532610717465
143,0.3800071171630103
144,0.37998921051415235
145,0.3799715977601823
146,0.3799542707682972
147,0.3799372216635382
148,0.3799204428194263
149,0.3799039268489942
150,0.37988766659618906
151,0.37987165512762955
152,0.37985588572470247
153,0.37984035187598125
154,0.379825047269952
155,0.3798099657880305
156,0.3797951014978638
157,0.37978044864689176
158,0.37976600165616986
159,0.37975175511442927
160,0.37973770377237287
161,0.379723842537192
162,0.37971016646729466
163,0.37969667076723695
164,0.3796833507828473
165,0.3796702019965374
166,0.3796572200227888
167,0.3796444006038103
168,0.3796317396053572
169,0.3796192330127059
170,0.37960687692677797
171,0.3795946675604052
172,0.3795826012347331
173,0.37957067437575626
174,0.37955888351097333
175,0.3795472252661717
176,0.3795356963623199
177,0.3795242936125727
178,0.37951301391938586
179,0.37950185427172733
180,0.37949081174239174
181,0.3794798834854049
182,0.3794690667335203
183,0.37945835879580264
184,0.3794477570552939
185,0.37943725896675984
186,0.3794268620545128
187,0.37941656391031087
188,0.3794063621913242
189,0.3793962546181733
190,0.3793862389730328
191,0.37937631309779546
192,0.37936647489230135
193,0.3793567223126231
194,0.3793470533694076
195,0.379337466126274
196,0.37932795869826264
197,0.3793185292503338
198,0.3793091759959177
199,0.3792998971955079
200,0.3792906911553034
201,0.37928155622589105
202,0.379272490800972
203,0.37926349331612924
204,0.37925456224763043
205,0.3792456961112736
206,0.3792368934612649
207,0.37922815288913364
208,0.3792194730226799
209,0.37921085252495706
210,0.37920229009328255
211,0.3791937844582813
212,0.3791853343829591
213,0.3791769386618008
214,0.37916859611990134
215,0.37916030561211855
216,0.3791520660222538
217,0.37914387626225676
218,0.3791357352714547
219,0.379127642015804
220,0.3791195954871649
221,0.37911159470259725
222,0.3791036387036769
223,0.37909572655583373
224,0.37908785734770734
225,0.3790800301905231
226,0.37907224421748537
227,0.37906449858319
228,0.37905679246305174
229,0.37904912505275073
230,0.3790414955676924
231,0.37903390324248654
232,0.3790263473304364
233,0.3790188271030472
234,0.3790113418495465
235,0.3790038908764172
236,0.3789964735069472
237,0.3789890890807879
238,0.3789817369535273
239,0.3789744164962766
240,0.37896712709526414
