1,0.928099908195436
2,0.8144530619308352
3,0.7788479289971292
4,0.7485216904245316
5,0.7227253314107657
6,0.7008423403277994
1,0.8132456512004137
2,0.7704547879472375
3,0.7270903331041336
4,0.6903904966637492
5,0.6595454989932478
6,0.6344782934524119
1,0.5635023953020573
2,0.34464911863207814
3,0.32720802875235677
4,0.3111570010147989
5,0.2955099081248045
6,0.28313260699855164
1,0.7481444304808974
2,0.6498101180046797
3,0.6146987053565681
4,0.5835372606106103
5,0.5555002132803202
6,0.5301824460551142
7,0.5088269028998912
8,0.49423141811043025
9,0.48174808378331363
10,0.4708401727769524
11,0.46130805561318994
12,0.4529765831120312
13,0.44569177956320344
14,0.4393170585669577
15,0.4337327592074871
16,0.42883345963433384
17,0.4245269172638655
18,0.4207327962946147
19,0.417381721669808
20,0.4144131173659116
21,0.4117755937948823
22,0.4094248467963189
23,0.40732295813970265
24,0.40543747684918346
25,0.40374090617522596
26,0.40220896664075556
27,0.40082154371775686
28,0.39956114229746165
29,0.39841272597201166
30,0.39736330579966306
31,0.39640193646773697
32,0.39551838513463733
33,0.39470447935163977
34,0.3939528574887663
35,0.39325711263343693
36,0.3926116168871522
37,0.39201170185580847
38,0.3914524978864938
39,0.39093044355511664
40,0.39044214159250257
41,0.3899845854192972
42,0.38955510143190625
43,0.38915155744180085
44,0.3887713070400059
45,0.38841270967386665
46,0.3880740467831492
47,0.3877537766005844
48,0.38745051025412974
49,0.38716324140317737
50,0.38689032569527626
51,0.386630993578583
52,0.38638429997488855
53,0.3861493907961994
54,0.3859254847280681
55,0.3857121150009334
56,0.3855081302393228
57,0.38531318395398556
58,0.38512672058306635
59,0.38494823654182253
60,0.38477725960314274
61,0.384613603008911
62,0.3844563687965274
63,0.38430543667636813
64,0.38416046916507185
65,0.38402113084681333
66,0.38388713230378924
67,0.3837584498152137
68,0.38363431112840773
69,0.3835147377010435
70,0.3833994987141341
71,0.3832883823197335
72,0.3831811861693859
73,0.3830779853183776
74,0.38297808085568247
75,0.3828815833386034
76,0.3827883313689381
77,0.3826981657743454
78,0.3826109660277143
79,0.38252685097511857
80,0.3824451743857935
81,0.382366098552011
82,0.38228949915152044
83,0.3822152724955231
84,0.38214332782663407
85,0.38207381488755343
86,0.3820061402674764
87,0.3819404793391004
88,0.3818767532706261
89,0.38181488315574824
90,0.3817547925747931
91,0.3816966715687886
92,0.38163993649650363
93,0.38158479292411357
94,0.3815311753982678
95,0.3814790242537856
96,0.38142828640993687
97,0.3813791586365551
98,0.3813310903310776
99,0.3812843017047271
100,0.3812387245381251
101,0.38119432152714583
102,0.3811510615143925
103,0.38110914540011437
104,0.38106802861206235
105,0.3810279359715059
106,0.3809888309100643
107,0.3809506829082966
108,0.3809134483197704
109,0.3808773544244468
110,0.38084186910185963
111,0.38080721799749884
112,0.38077336504589765
113,0.3807402969058603
114,0.38070797679014506
115,0.3806766415247694
116,0.3806457491312176
117,0.38061554573941975
118,0.3805860021524131
119,0.3805570990405977
120,0.38052881293930113
121,0.3805013808561489
122,0.3804742765519768
123,0.38044772715307773
124,0.3804217395419255
125,0.38039627380669117
126,0.38037132238037885
127,0.3803471209295094
128,0.38032314500771464
129,0.3802996429009363
130,0.38027659999206664
131,0.38025399507023394
132,0.38023181495722386
133,0.380210306677036
134,0.3801889429986477
135,0.380167979686521
136,0.38014739424921573
137,0.38012717922683803
138,0.38010731984861196
139,0.3800880616204813
140,0.3800688888505101
141,0.38005004976410417
142,0.3800315264519304
143,0.3800133167533204
144,0.3799954079417512
145,0.3799780515860766
146,0.37996071786619723
147,0.37994366748724134
148,0.37992688949685544
149,0.3799103739950806
150,0.37989411363378167
151,0.37987834826577455
152,0.379862570753321
153,0.3798470390262082
154,0.37983173623215405
155,0.37981665225233885
156,0.37980178277473897
157,0.3797873900691047
158,0.37977293654344974
159,0.3797586887422949
160,0.37974463696591554
161,0.3797307750582695
162,0.3797170975385234
163,0.37970385619439184
164,0.37969052806962283
165,0.3796773818321526
166,0.37966440146788955
167,0.3796515803504735
168,0.37963891777209935
169,0.3796266631456092
170,0.3796142960852012
171,0.37960208946373314
172,0.37959001961164174
173,0.3795780935510993
174,0.37956630400847646
175,0.379554899437353
176,0.37954336158931257
177,0.3795319610834122
178,0.37952068022917956
179,0.37950951808597894
180,0.3794984758365899
181,0.3794877943629399
182,0.3794769664341584
183,0.3794662620779127
184,0.37945565634872763
185,0.37944515619426966
186,0.3794347617868334
187,0.37942471222486346
188,0.37941450321115555
189,0.37940439669881015
190,0.37939438091591
191,0.37938445230945944
192,0.379374611787498
193,0.3793651102669537
194,0.37935543788131326
195,0.3793458538595587
196,0.3793363441107795
197,0.37932691316585987
198,0.37931755785364657
199,0.3793085341155529
200,0.37929932080674916
201,0.37929018752649424
202,0.3792811219254509
203,0.37927212214097383
204,0.3792631905758753
205,0.3792545758653432
206,0.37924576552351935
207,0.3792370244371705
208,0.3792283455748111
209,0.37921972167911006
210,0.37921116180950776
211,0.3792029026779346
212,0.37919444873929026
213,0.37918605080340057
214,0.3791777080669999
215,0.37916941702598705
216,0.3791611791937612
217,0.3791532267490402
218,0.37914508030517025
219,0.3791369853867218
220,0.37912894213804976
221,0.37912093554390597
222,0.3791129825636744
223,0.3791053213994019
224,0.3790974475326948
225,0.3790896198991686
226,0.37908182966988535
227,0.37907408309634777
228,0.37906638130545617
229,0.3790589593700133
230,0.3790513199311681
231,0.37904372781980783
232,0.3790361708519049
233,0.3790286503941752
234,0.37902116394834595
235,0.379013964231126
236,0.3790065434202552
237,0.3789991557132453
238,0.3789918004651554
239,0.3789844809053466
240,0.3789771921164356
