1,110.49661519704387
2,0.15858849065378308
3,0.09416465854893129
4,0.09273148421819011
5,7.288221895297369
6,7.302396798928578
7,7.297162559827169
8,7.2941595729192095
9,14.494630045890808
10,14.496796108881632
11,14.499293543497721
12,14.50753423055013
13,21.694211570421853
14,21.698478735287985
15,21.70642642180125
16,21.712369141578673
17,28.890906292597453
18,28.919937671025593
19,28.91106732050578
20,28.918640235265094
21,36.09510221163432
22,36.10638765652975
23,36.122282079060874
24,36.103259782791135
25,43.30625535647074
26,43.29026355107625
27,43.281286573410036
28,43.32339934031169
29,50.47878544807434
30,50.490787467956544
31,50.502446982065834
32,50.488642829259234
33,57.679813143412275
34,57.641495087941486
35,57.708930295308434
36,57.64742291132609
37,64.84761538187662
38,64.88601390838623
39,64.83046812057495
40,64.86154116948445
41,72.02932491938273
42,71.9944242032369
43,72.04430526733398
44,72.0239794921875
45,79.17320353825887
46,79.19865692138671
47,79.2268029721578
48,79.17456532796224
49,86.32956053415934
50,86.39199607849122
51,86.3524688911438
52,86.36817567825318
53,93.49285647710164
54,93.48446320215861
55,93.51998993555705
56,93.56099002202352
57,100.65781738917033
58,100.64345021565755
59,100.62915977478028
60,100.69190872192382
61,107.80051652272542
62,107.80884791056314
63,107.81806107203165
64,107.79392861684164
65,114.9169193649292
66,114.94803958892822
67,114.92657190958658
68,114.87196779886881
69,122.06697622934978
70,122.05082866668701
71,122.10700571695963
72,121.98156826019287
73,129.16162591298422
74,129.1876549657186
75,129.20351632436117
76,129.07470369974772
77,136.22066141764324
78,136.3637477238973
79,136.19877146402996
80,136.24325194040935
